27.0,7.0 28.0,7.0 29.0,7.0 30.0,7.0 
26.0,8.0 25.0,9.0 24.0,9.0 23.0,10.0 22.0,10.0 21.0,11.0 20.0,12.0 19.0,13.0 18.0,14.0 17.0,15.0 17.0,16.0 16.0,17.0 15.0,18.0 14.0,19.0 14.0,20.0 14.0,21.0 13.0,22.0 13.0,21.0 14.0,22.0 13.0,23.0 12.0,23.0 12.0,24.0 11.0,25.0 11.0,26.0 11.0,27.0 11.0,28.0 11.0,29.0 10.0,29.0 10.0,30.0 11.0,30.0 11.0,31.0 11.0,32.0 10.0,31.0 9.0,32.0 8.0,32.0 9.0,33.0 8.0,33.0 9.0,34.0 9.0,35.0 8.0,34.0 7.0,34.0 6.0,33.0 6.0,32.0 6.0,31.0 6.0,30.0 6.0,29.0 6.0,28.0 6.0,27.0 6.0,26.0 6.0,25.0 7.0,25.0 7.0,26.0 8.0,27.0 8.0,28.0 8.0,29.0 8.0,30.0 8.0,31.0 9.0,31.0 9.0,30.0 
27.0,8.0 28.0,8.0 
53.0,9.0 54.0,10.0 55.0,10.0 56.0,10.0 57.0,10.0 58.0,11.0 59.0,12.0 60.0,13.0 61.0,14.0 62.0,15.0 63.0,16.0 64.0,17.0 65.0,18.0 65.0,19.0 66.0,20.0 66.0,21.0 67.0,22.0 67.0,23.0 68.0,24.0 68.0,25.0 68.0,26.0 68.0,27.0 68.0,28.0 69.0,29.0 69.0,30.0 69.0,31.0 69.0,32.0 69.0,33.0 69.0,34.0 70.0,35.0 70.0,36.0 69.0,35.0 70.0,34.0 70.0,33.0 70.0,32.0 
54.0,9.0 55.0,9.0 56.0,9.0 
21.0,10.0 22.0,11.0 21.0,12.0 20.0,13.0 19.0,14.0 18.0,15.0 17.0,14.0 18.0,13.0 19.0,12.0 20.0,11.0 
35.0,10.0 36.0,10.0 37.0,10.0 38.0,10.0 39.0,10.0 
58.0,10.0 59.0,11.0 60.0,12.0 59.0,13.0 60.0,14.0 61.0,15.0 62.0,16.0 63.0,17.0 64.0,18.0 65.0,17.0 64.0,16.0 63.0,15.0 62.0,14.0 61.0,13.0 
53.0,11.0 54.0,12.0 55.0,13.0 56.0,13.0 57.0,14.0 58.0,15.0 59.0,16.0 59.0,17.0 60.0,18.0 60.0,19.0 61.0,19.0 62.0,19.0 61.0,20.0 61.0,21.0 62.0,22.0 63.0,23.0 63.0,24.0 63.0,25.0 64.0,25.0 65.0,26.0 65.0,27.0 65.0,28.0 65.0,29.0 65.0,30.0 64.0,31.0 65.0,31.0 64.0,32.0 65.0,33.0 65.0,32.0 64.0,33.0 65.0,34.0 
54.0,11.0 53.0,12.0 
57.0,11.0 58.0,12.0 
56.0,14.0 57.0,15.0 58.0,16.0 59.0,15.0 58.0,14.0 
14.0,15.0 13.0,16.0 12.0,17.0 12.0,18.0 13.0,17.0 14.0,18.0 15.0,19.0 16.0,18.0 15.0,17.0 16.0,16.0 17.0,17.0 18.0,16.0 
15.0,15.0 14.0,16.0 
12.0,16.0 11.0,17.0 11.0,18.0 10.0,18.0 9.0,19.0 8.0,20.0 8.0,21.0 8.0,22.0 7.0,23.0 7.0,22.0 8.0,23.0 7.0,24.0 6.0,24.0 
55.0,16.0 55.0,17.0 55.0,18.0 56.0,19.0 56.0,20.0 56.0,21.0 56.0,22.0 56.0,23.0 56.0,24.0 56.0,25.0 56.0,26.0 56.0,27.0 57.0,26.0 57.0,27.0 56.0,28.0 57.0,28.0 56.0,29.0 56.0,30.0 57.0,29.0 
56.0,17.0 56.0,18.0 55.0,19.0 
60.0,17.0 59.0,18.0 
9.0,18.0 10.0,19.0 9.0,20.0 
66.0,18.0 66.0,19.0 65.0,20.0 64.0,19.0 63.0,20.0 62.0,20.0 62.0,21.0 63.0,22.0 62.0,23.0 62.0,24.0 
11.0,19.0 11.0,20.0 12.0,21.0 13.0,20.0 13.0,19.0 
16.0,19.0 15.0,20.0 
50.0,19.0 50.0,20.0 50.0,21.0 
67.0,20.0 67.0,21.0 66.0,22.0 65.0,21.0 64.0,21.0 
54.0,21.0 55.0,22.0 55.0,23.0 55.0,24.0 55.0,25.0 
55.0,21.0 54.0,22.0 
10.0,22.0 11.0,23.0 12.0,22.0 
57.0,22.0 58.0,23.0 58.0,24.0 57.0,25.0 58.0,25.0 
68.0,22.0 68.0,23.0 67.0,24.0 67.0,25.0 67.0,26.0 67.0,27.0 66.0,28.0 
14.0,23.0 13.0,24.0 12.0,25.0 12.0,26.0 12.0,27.0 12.0,28.0 
65.0,25.0 64.0,26.0 
10.0,26.0 10.0,27.0 10.0,28.0 
69.0,26.0 69.0,27.0 69.0,28.0 68.0,29.0 68.0,30.0 68.0,31.0 68.0,32.0 68.0,33.0 68.0,34.0 
63.0,29.0 64.0,30.0 
5.0,30.0 5.0,31.0 5.0,32.0 
7.0,31.0 7.0,32.0 7.0,33.0 6.0,34.0 7.0,35.0 7.0,36.0 7.0,37.0 7.0,38.0 7.0,39.0 8.0,40.0 8.0,41.0 8.0,42.0 8.0,43.0 9.0,44.0 10.0,45.0 11.0,46.0 11.0,47.0 12.0,48.0 12.0,49.0 11.0,48.0 12.0,47.0 13.0,48.0 13.0,49.0 13.0,50.0 14.0,50.0 15.0,50.0 16.0,51.0 17.0,51.0 18.0,52.0 19.0,53.0 20.0,54.0 21.0,55.0 22.0,55.0 23.0,55.0 23.0,54.0 22.0,53.0 21.0,53.0 20.0,52.0 19.0,51.0 18.0,51.0 19.0,50.0 20.0,49.0 20.0,48.0 21.0,47.0 22.0,48.0 23.0,47.0 23.0,46.0 24.0,46.0 25.0,47.0 26.0,46.0 26.0,45.0 25.0,46.0 26.0,47.0 26.0,48.0 27.0,48.0 28.0,47.0 28.0,46.0 27.0,45.0 26.0,44.0 25.0,45.0 24.0,45.0 24.0,44.0 25.0,43.0 26.0,43.0 27.0,44.0 27.0,43.0 28.0,44.0 29.0,44.0 30.0,44.0 31.0,43.0 32.0,42.0 33.0,42.0 34.0,42.0 35.0,43.0 36.0,44.0 37.0,44.0 38.0,43.0 39.0,43.0 40.0,43.0 41.0,43.0 41.0,42.0 42.0,43.0 43.0,44.0 44.0,43.0 44.0,44.0 45.0,44.0 46.0,43.0 46.0,42.0 46.0,41.0 45.0,42.0 45.0,41.0 44.0,42.0 45.0,43.0 46.0,44.0 45.0,45.0 44.0,45.0 43.0,45.0 42.0,44.0 41.0,45.0 40.0,46.0 41.0,47.0 41.0,48.0 41.0,49.0 42.0,49.0 41.0,50.0 42.0,50.0 41.0,51.0 41.0,52.0 41.0,53.0 41.0,54.0 42.0,54.0 43.0,55.0 43.0,56.0 42.0,57.0 42.0,58.0 42.0,59.0 42.0,60.0 41.0,61.0 41.0,62.0 42.0,63.0 43.0,63.0 42.0,62.0 42.0,61.0 41.0,60.0 41.0,59.0 41.0,58.0 41.0,57.0 42.0,56.0 43.0,57.0 43.0,58.0 43.0,59.0 43.0,60.0 
56.0,31.0 57.0,32.0 57.0,33.0 57.0,34.0 58.0,34.0 59.0,35.0 59.0,36.0 59.0,37.0 58.0,38.0 57.0,39.0 56.0,40.0 55.0,40.0 54.0,40.0 53.0,41.0 52.0,42.0 51.0,42.0 50.0,43.0 50.0,44.0 51.0,45.0 50.0,45.0 51.0,44.0 52.0,45.0 52.0,44.0 51.0,43.0 50.0,42.0 51.0,41.0 52.0,41.0 53.0,42.0 54.0,42.0 55.0,42.0 54.0,41.0 53.0,40.0 52.0,40.0 51.0,40.0 50.0,40.0 49.0,40.0 48.0,41.0 47.0,41.0 47.0,42.0 48.0,43.0 49.0,44.0 48.0,44.0 49.0,43.0 48.0,42.0 47.0,43.0 
57.0,31.0 56.0,32.0 56.0,33.0 56.0,34.0 
10.0,32.0 11.0,33.0 11.0,34.0 11.0,35.0 10.0,36.0 9.0,36.0 10.0,37.0 11.0,38.0 10.0,39.0 10.0,40.0 10.0,41.0 11.0,42.0 11.0,43.0 12.0,44.0 13.0,45.0 14.0,45.0 13.0,46.0 13.0,47.0 14.0,46.0 14.0,47.0 15.0,46.0 15.0,45.0 16.0,46.0 16.0,47.0 17.0,47.0 18.0,46.0 19.0,47.0 20.0,47.0 19.0,46.0 19.0,45.0 
10.0,33.0 10.0,34.0 10.0,35.0 11.0,36.0 11.0,37.0 10.0,38.0 11.0,39.0 11.0,40.0 11.0,41.0 10.0,42.0 
58.0,33.0 59.0,34.0 58.0,35.0 
6.0,35.0 6.0,36.0 
54.0,35.0 54.0,36.0 53.0,36.0 52.0,37.0 51.0,38.0 50.0,38.0 51.0,37.0 50.0,37.0 49.0,38.0 48.0,37.0 47.0,37.0 46.0,37.0 47.0,38.0 46.0,39.0 45.0,40.0 44.0,40.0 45.0,39.0 44.0,39.0 45.0,38.0 45.0,37.0 46.0,38.0 
46.0,36.0 47.0,36.0 48.0,36.0 49.0,37.0 48.0,38.0 
65.0,36.0 65.0,37.0 64.0,38.0 64.0,39.0 64.0,40.0 63.0,41.0 63.0,42.0 64.0,42.0 65.0,42.0 66.0,41.0 66.0,40.0 67.0,40.0 67.0,39.0 67.0,38.0 68.0,37.0 69.0,36.0 70.0,37.0 71.0,38.0 71.0,39.0 71.0,40.0 71.0,41.0 71.0,42.0 71.0,43.0 71.0,44.0 71.0,45.0 70.0,46.0 70.0,47.0 70.0,48.0 71.0,49.0 71.0,50.0 71.0,51.0 70.0,52.0 71.0,52.0 70.0,51.0 70.0,50.0 70.0,49.0 71.0,48.0 71.0,47.0 71.0,46.0 70.0,45.0 70.0,44.0 69.0,43.0 70.0,42.0 70.0,41.0 69.0,42.0 70.0,43.0 69.0,44.0 68.0,45.0 69.0,46.0 69.0,47.0 69.0,48.0 
71.0,36.0 71.0,37.0 70.0,38.0 69.0,37.0 
9.0,37.0 8.0,38.0 8.0,39.0 7.0,40.0 7.0,41.0 
12.0,37.0 12.0,38.0 12.0,39.0 12.0,40.0 12.0,41.0 12.0,42.0 12.0,43.0 13.0,44.0 12.0,45.0 11.0,45.0 10.0,46.0 9.0,45.0 8.0,44.0 8.0,45.0 8.0,46.0 9.0,47.0 10.0,48.0 10.0,49.0 10.0,50.0 9.0,51.0 9.0,52.0 9.0,53.0 10.0,54.0 10.0,55.0 10.0,56.0 11.0,57.0 11.0,58.0 11.0,59.0 11.0,60.0 11.0,61.0 12.0,61.0 11.0,62.0 12.0,62.0 11.0,63.0 12.0,64.0 12.0,63.0 11.0,64.0 12.0,65.0 13.0,65.0 14.0,65.0 13.0,66.0 14.0,66.0 14.0,67.0 15.0,68.0 15.0,69.0 15.0,70.0 16.0,71.0 16.0,72.0 16.0,73.0 17.0,74.0 17.0,75.0 17.0,76.0 18.0,77.0 18.0,78.0 18.0,79.0 17.0,80.0 17.0,81.0 17.0,82.0 17.0,83.0 17.0,84.0 16.0,85.0 16.0,86.0 16.0,87.0 17.0,88.0 17.0,89.0 16.0,88.0 17.0,87.0 17.0,86.0 17.0,85.0 16.0,84.0 16.0,83.0 15.0,82.0 14.0,83.0 13.0,84.0 13.0,85.0 13.0,86.0 14.0,87.0 14.0,88.0 15.0,89.0 15.0,90.0 14.0,89.0 13.0,88.0 13.0,87.0 14.0,86.0 14.0,85.0 14.0,84.0 13.0,83.0 14.0,82.0 15.0,81.0 16.0,81.0 15.0,80.0 14.0,81.0 14.0,80.0 13.0,81.0 13.0,82.0 12.0,82.0 11.0,82.0 10.0,83.0 9.0,84.0 9.0,85.0 8.0,86.0 8.0,87.0 8.0,88.0 8.0,89.0 8.0,90.0 9.0,91.0 10.0,90.0 10.0,89.0 10.0,88.0 10.0,87.0 10.0,86.0 9.0,86.0 8.0,85.0 7.0,86.0 6.0,86.0 6.0,87.0 5.0,88.0 4.0,89.0 3.0,89.0 2.0,90.0 1.0,90.0 2.0,89.0 3.0,90.0 4.0,91.0 5.0,92.0 5.0,93.0 6.0,94.0 6.0,95.0 7.0,95.0 7.0,96.0 8.0,97.0 8.0,98.0 9.0,98.0 9.0,99.0 10.0,100.0 11.0,101.0 12.0,102.0 13.0,103.0 14.0,103.0 13.0,102.0 12.0,101.0 11.0,100.0 10.0,99.0 10.0,98.0 11.0,99.0 12.0,100.0 13.0,101.0 14.0,102.0 15.0,103.0 15.0,104.0 14.0,105.0 14.0,106.0 13.0,107.0 12.0,107.0 11.0,108.0 12.0,108.0 11.0,109.0 10.0,109.0 9.0,110.0 8.0,110.0 7.0,111.0 6.0,111.0 5.0,112.0 4.0,113.0 3.0,113.0 2.0,114.0 1.0,114.0 0.0,115.0 1.0,115.0 0.0,116.0 
53.0,37.0 52.0,38.0 52.0,39.0 53.0,39.0 53.0,38.0 54.0,38.0 54.0,39.0 55.0,38.0 56.0,39.0 57.0,40.0 56.0,41.0 56.0,42.0 57.0,41.0 58.0,41.0 59.0,42.0 59.0,43.0 58.0,44.0 58.0,45.0 58.0,46.0 57.0,47.0 58.0,47.0 59.0,48.0 60.0,47.0 60.0,46.0 60.0,45.0 60.0,44.0 60.0,43.0 60.0,42.0 61.0,42.0 62.0,41.0 63.0,40.0 64.0,41.0 65.0,41.0 66.0,42.0 
58.0,37.0 59.0,38.0 58.0,39.0 58.0,40.0 
9.0,38.0 9.0,39.0 
29.0,38.0 28.0,39.0 27.0,40.0 28.0,41.0 29.0,41.0 30.0,41.0 31.0,41.0 32.0,41.0 33.0,41.0 
72.0,38.0 72.0,39.0 72.0,40.0 72.0,41.0 
18.0,39.0 19.0,40.0 20.0,40.0 21.0,40.0 22.0,40.0 23.0,40.0 24.0,40.0 25.0,41.0 26.0,40.0 26.0,41.0 27.0,41.0 28.0,40.0 27.0,39.0 26.0,39.0 25.0,40.0 25.0,39.0 24.0,39.0 23.0,39.0 22.0,39.0 21.0,39.0 20.0,39.0 
29.0,39.0 29.0,40.0 30.0,39.0 30.0,40.0 31.0,39.0 
69.0,39.0 70.0,40.0 69.0,41.0 69.0,40.0 70.0,39.0 
17.0,40.0 18.0,41.0 19.0,41.0 18.0,42.0 
38.0,40.0 38.0,41.0 39.0,42.0 40.0,42.0 41.0,41.0 42.0,42.0 42.0,41.0 43.0,41.0 43.0,42.0 43.0,43.0 
39.0,40.0 40.0,40.0 39.0,41.0 38.0,42.0 37.0,43.0 38.0,44.0 39.0,45.0 39.0,46.0 40.0,45.0 41.0,46.0 40.0,47.0 40.0,48.0 40.0,49.0 40.0,50.0 40.0,51.0 40.0,52.0 40.0,53.0 40.0,54.0 41.0,55.0 42.0,55.0 41.0,56.0 
42.0,40.0 43.0,40.0 
24.0,41.0 24.0,42.0 24.0,43.0 25.0,44.0 
68.0,41.0 68.0,42.0 
25.0,42.0 26.0,42.0 
31.0,42.0 30.0,43.0 31.0,44.0 31.0,45.0 32.0,46.0 32.0,47.0 31.0,48.0 32.0,48.0 32.0,49.0 32.0,50.0 33.0,51.0 34.0,50.0 34.0,51.0 33.0,52.0 32.0,52.0 31.0,53.0 30.0,53.0 29.0,53.0 28.0,53.0 
35.0,42.0 34.0,43.0 33.0,44.0 34.0,45.0 35.0,46.0 35.0,47.0 36.0,47.0 37.0,46.0 37.0,47.0 36.0,48.0 36.0,49.0 36.0,50.0 36.0,51.0 35.0,52.0 34.0,53.0 33.0,53.0 33.0,54.0 32.0,54.0 31.0,55.0 30.0,55.0 29.0,55.0 28.0,55.0 27.0,55.0 
58.0,42.0 58.0,43.0 
28.0,43.0 29.0,43.0 
32.0,43.0 33.0,43.0 34.0,44.0 35.0,44.0 36.0,45.0 36.0,46.0 35.0,45.0 34.0,46.0 34.0,47.0 35.0,48.0 34.0,49.0 33.0,50.0 33.0,49.0 33.0,48.0 33.0,47.0 33.0,46.0 32.0,45.0 31.0,46.0 30.0,46.0 30.0,47.0 30.0,48.0 31.0,49.0 31.0,50.0 30.0,51.0 29.0,51.0 30.0,50.0 31.0,51.0 
52.0,43.0 53.0,44.0 53.0,45.0 52.0,46.0 51.0,46.0 50.0,46.0 49.0,45.0 48.0,45.0 47.0,46.0 46.0,46.0 45.0,46.0 46.0,47.0 47.0,47.0 48.0,46.0 47.0,45.0 
53.0,43.0 54.0,44.0 55.0,44.0 56.0,45.0 55.0,45.0 54.0,45.0 53.0,46.0 
55.0,43.0 56.0,44.0 57.0,45.0 57.0,46.0 56.0,46.0 55.0,46.0 56.0,47.0 57.0,48.0 58.0,49.0 57.0,49.0 56.0,48.0 55.0,48.0 55.0,49.0 55.0,50.0 54.0,50.0 54.0,49.0 
7.0,44.0 7.0,45.0 7.0,46.0 8.0,47.0 7.0,48.0 7.0,49.0 8.0,50.0 8.0,51.0 8.0,52.0 
10.0,44.0 11.0,44.0 
23.0,44.0 23.0,45.0 22.0,46.0 22.0,47.0 23.0,48.0 24.0,47.0 25.0,48.0 26.0,49.0 27.0,49.0 28.0,48.0 27.0,47.0 27.0,46.0 28.0,45.0 
39.0,44.0 40.0,44.0 41.0,44.0 42.0,45.0 43.0,46.0 43.0,47.0 43.0,48.0 44.0,49.0 45.0,50.0 46.0,50.0 47.0,50.0 47.0,51.0 46.0,52.0 45.0,52.0 46.0,51.0 47.0,52.0 48.0,51.0 48.0,50.0 49.0,51.0 48.0,52.0 47.0,53.0 48.0,54.0 48.0,55.0 48.0,56.0 49.0,57.0 49.0,58.0 50.0,58.0 49.0,59.0 48.0,59.0 48.0,60.0 47.0,60.0 47.0,61.0 46.0,62.0 45.0,62.0 44.0,63.0 43.0,62.0 44.0,62.0 45.0,63.0 44.0,64.0 43.0,64.0 44.0,65.0 44.0,66.0 45.0,66.0 45.0,65.0 
16.0,45.0 17.0,46.0 
37.0,45.0 38.0,46.0 38.0,45.0 
59.0,45.0 59.0,46.0 59.0,47.0 60.0,48.0 59.0,49.0 60.0,50.0 61.0,50.0 62.0,51.0 62.0,52.0 62.0,53.0 62.0,54.0 61.0,53.0 61.0,52.0 61.0,51.0 62.0,50.0 63.0,51.0 63.0,52.0 63.0,53.0 
67.0,46.0 67.0,47.0 67.0,48.0 
15.0,47.0 14.0,48.0 15.0,49.0 16.0,50.0 15.0,51.0 14.0,51.0 13.0,51.0 12.0,50.0 11.0,50.0 10.0,51.0 10.0,52.0 10.0,53.0 9.0,54.0 
39.0,47.0 39.0,48.0 
44.0,47.0 44.0,48.0 45.0,49.0 44.0,50.0 44.0,51.0 43.0,50.0 42.0,51.0 42.0,52.0 42.0,53.0 43.0,54.0 44.0,55.0 44.0,56.0 44.0,57.0 44.0,58.0 
45.0,47.0 45.0,48.0 46.0,48.0 47.0,48.0 48.0,47.0 
9.0,48.0 8.0,49.0 9.0,50.0 
18.0,48.0 18.0,49.0 17.0,50.0 18.0,50.0 19.0,49.0 20.0,50.0 21.0,50.0 22.0,49.0 21.0,49.0 22.0,50.0 21.0,51.0 21.0,52.0 20.0,51.0 19.0,52.0 18.0,53.0 17.0,52.0 
24.0,48.0 23.0,49.0 
29.0,48.0 28.0,49.0 29.0,50.0 28.0,51.0 28.0,50.0 
42.0,48.0 43.0,49.0 
60.0,49.0 61.0,49.0 62.0,49.0 63.0,50.0 
56.0,50.0 57.0,51.0 57.0,50.0 58.0,51.0 59.0,52.0 58.0,53.0 59.0,54.0 59.0,55.0 59.0,56.0 59.0,57.0 59.0,58.0 60.0,57.0 60.0,56.0 61.0,57.0 60.0,58.0 59.0,59.0 59.0,60.0 59.0,61.0 59.0,62.0 59.0,63.0 59.0,64.0 59.0,65.0 59.0,66.0 59.0,67.0 59.0,68.0 59.0,69.0 59.0,70.0 
12.0,51.0 12.0,52.0 
53.0,52.0 54.0,52.0 55.0,52.0 56.0,52.0 57.0,53.0 58.0,54.0 58.0,55.0 
20.0,53.0 21.0,54.0 
48.0,53.0 47.0,54.0 47.0,55.0 47.0,56.0 48.0,57.0 49.0,56.0 50.0,57.0 50.0,56.0 49.0,55.0 49.0,54.0 50.0,53.0 49.0,53.0 
70.0,53.0 71.0,54.0 71.0,55.0 71.0,56.0 71.0,57.0 70.0,58.0 69.0,59.0 68.0,60.0 68.0,61.0 68.0,62.0 68.0,63.0 68.0,64.0 68.0,65.0 68.0,66.0 67.0,67.0 67.0,68.0 67.0,69.0 67.0,70.0 67.0,71.0 66.0,72.0 66.0,73.0 66.0,74.0 65.0,75.0 65.0,76.0 65.0,77.0 64.0,78.0 64.0,79.0 64.0,80.0 63.0,81.0 63.0,82.0 63.0,83.0 64.0,84.0 65.0,85.0 66.0,86.0 67.0,87.0 68.0,88.0 69.0,88.0 70.0,89.0 71.0,89.0 72.0,90.0 73.0,90.0 74.0,91.0 75.0,92.0 76.0,92.0 77.0,92.0 78.0,93.0 79.0,93.0 80.0,94.0 79.0,94.0 80.0,93.0 79.0,92.0 78.0,92.0 77.0,93.0 76.0,93.0 75.0,93.0 74.0,92.0 75.0,91.0 74.0,90.0 73.0,91.0 72.0,91.0 71.0,90.0 72.0,89.0 73.0,89.0 
71.0,53.0 72.0,54.0 72.0,55.0 72.0,56.0 72.0,57.0 71.0,58.0 70.0,59.0 69.0,60.0 68.0,59.0 67.0,60.0 67.0,61.0 67.0,62.0 67.0,63.0 67.0,64.0 67.0,65.0 67.0,66.0 68.0,67.0 68.0,68.0 68.0,69.0 68.0,70.0 68.0,71.0 67.0,72.0 66.0,71.0 65.0,70.0 65.0,69.0 65.0,68.0 64.0,69.0 64.0,70.0 64.0,71.0 64.0,72.0 64.0,73.0 65.0,74.0 66.0,75.0 66.0,76.0 
11.0,54.0 11.0,55.0 11.0,56.0 10.0,57.0 10.0,58.0 
12.0,54.0 12.0,55.0 12.0,56.0 13.0,57.0 14.0,58.0 14.0,59.0 14.0,60.0 14.0,61.0 14.0,62.0 14.0,63.0 14.0,64.0 
44.0,54.0 45.0,54.0 46.0,54.0 46.0,55.0 
60.0,54.0 60.0,55.0 61.0,56.0 62.0,55.0 62.0,56.0 62.0,57.0 61.0,58.0 62.0,59.0 62.0,60.0 62.0,61.0 62.0,62.0 62.0,63.0 62.0,64.0 62.0,65.0 62.0,66.0 62.0,67.0 62.0,68.0 62.0,69.0 62.0,70.0 62.0,71.0 62.0,72.0 63.0,73.0 63.0,74.0 63.0,75.0 63.0,76.0 64.0,77.0 65.0,78.0 65.0,79.0 
61.0,54.0 61.0,55.0 
12.0,57.0 13.0,58.0 12.0,59.0 12.0,60.0 13.0,59.0 12.0,58.0 
70.0,57.0 69.0,58.0 
37.0,58.0 38.0,58.0 39.0,59.0 38.0,60.0 37.0,60.0 36.0,60.0 35.0,61.0 35.0,62.0 36.0,62.0 37.0,62.0 38.0,62.0 
48.0,58.0 47.0,59.0 
62.0,58.0 61.0,59.0 61.0,60.0 61.0,61.0 61.0,62.0 61.0,63.0 61.0,64.0 61.0,65.0 61.0,66.0 61.0,67.0 61.0,68.0 
40.0,59.0 39.0,60.0 40.0,60.0 
50.0,59.0 50.0,60.0 49.0,60.0 50.0,61.0 51.0,60.0 51.0,59.0 
60.0,59.0 60.0,60.0 60.0,61.0 60.0,62.0 60.0,63.0 60.0,64.0 60.0,65.0 
13.0,60.0 13.0,61.0 13.0,62.0 
28.0,60.0 29.0,60.0 
34.0,60.0 34.0,61.0 
45.0,61.0 46.0,61.0 
16.0,62.0 16.0,63.0 
30.0,62.0 30.0,63.0 
40.0,62.0 41.0,63.0 42.0,64.0 43.0,65.0 
49.0,62.0 50.0,63.0 51.0,64.0 52.0,65.0 52.0,66.0 53.0,67.0 53.0,68.0 53.0,69.0 52.0,69.0 52.0,70.0 53.0,70.0 52.0,71.0 51.0,70.0 50.0,70.0 49.0,70.0 48.0,70.0 47.0,70.0 46.0,70.0 45.0,69.0 46.0,68.0 47.0,68.0 48.0,68.0 49.0,68.0 50.0,68.0 50.0,67.0 51.0,67.0 52.0,67.0 53.0,66.0 53.0,65.0 52.0,64.0 51.0,65.0 51.0,66.0 50.0,66.0 
50.0,62.0 51.0,63.0 
54.0,62.0 55.0,63.0 56.0,64.0 57.0,65.0 57.0,66.0 56.0,67.0 57.0,67.0 56.0,66.0 56.0,65.0 57.0,64.0 56.0,63.0 55.0,62.0 
40.0,63.0 41.0,64.0 
65.0,64.0 65.0,65.0 65.0,66.0 65.0,67.0 64.0,68.0 64.0,67.0 63.0,67.0 63.0,68.0 63.0,69.0 63.0,70.0 63.0,71.0 63.0,72.0 62.0,73.0 62.0,74.0 62.0,75.0 62.0,76.0 62.0,77.0 62.0,78.0 63.0,79.0 63.0,80.0 64.0,81.0 64.0,82.0 64.0,83.0 65.0,84.0 64.0,85.0 65.0,86.0 66.0,85.0 67.0,86.0 68.0,87.0 67.0,88.0 68.0,89.0 69.0,89.0 70.0,88.0 71.0,88.0 
11.0,65.0 12.0,66.0 
17.0,66.0 17.0,67.0 17.0,68.0 17.0,69.0 17.0,70.0 17.0,71.0 17.0,72.0 17.0,73.0 16.0,74.0 16.0,75.0 
63.0,66.0 64.0,66.0 
15.0,67.0 16.0,68.0 16.0,69.0 16.0,70.0 15.0,71.0 
45.0,67.0 45.0,68.0 44.0,69.0 43.0,69.0 42.0,69.0 41.0,69.0 40.0,69.0 39.0,69.0 38.0,69.0 37.0,69.0 36.0,69.0 35.0,69.0 34.0,69.0 33.0,70.0 33.0,71.0 34.0,72.0 33.0,72.0 32.0,72.0 31.0,72.0 32.0,71.0 31.0,71.0 30.0,70.0 29.0,70.0 30.0,69.0 31.0,69.0 32.0,70.0 33.0,69.0 34.0,70.0 34.0,71.0 35.0,72.0 36.0,72.0 37.0,72.0 38.0,72.0 38.0,71.0 39.0,71.0 40.0,71.0 41.0,71.0 42.0,71.0 43.0,71.0 44.0,71.0 45.0,71.0 46.0,71.0 47.0,71.0 48.0,71.0 47.0,72.0 46.0,72.0 
14.0,68.0 14.0,69.0 
52.0,68.0 51.0,69.0 
54.0,68.0 54.0,69.0 
56.0,68.0 56.0,69.0 56.0,70.0 
32.0,69.0 31.0,70.0 30.0,71.0 30.0,72.0 29.0,72.0 29.0,71.0 28.0,72.0 
46.0,69.0 47.0,69.0 48.0,69.0 
35.0,70.0 35.0,71.0 36.0,71.0 37.0,71.0 36.0,70.0 37.0,70.0 38.0,70.0 
53.0,71.0 52.0,72.0 51.0,72.0 
39.0,72.0 40.0,72.0 
36.0,73.0 37.0,73.0 
65.0,73.0 64.0,74.0 
47.0,74.0 47.0,75.0 
18.0,76.0 17.0,77.0 17.0,78.0 17.0,79.0 16.0,80.0 16.0,79.0 
64.0,76.0 63.0,77.0 
61.0,77.0 61.0,78.0 62.0,79.0 61.0,79.0 61.0,80.0 60.0,81.0 60.0,82.0 61.0,81.0 60.0,80.0 59.0,81.0 59.0,82.0 58.0,81.0 58.0,80.0 58.0,79.0 58.0,78.0 57.0,78.0 
19.0,78.0 19.0,79.0 18.0,80.0 18.0,81.0 18.0,82.0 18.0,83.0 18.0,84.0 18.0,85.0 
47.0,78.0 48.0,78.0 49.0,78.0 
55.0,78.0 55.0,79.0 55.0,80.0 55.0,81.0 55.0,82.0 55.0,83.0 54.0,84.0 53.0,85.0 53.0,86.0 52.0,87.0 51.0,87.0 50.0,88.0 50.0,87.0 49.0,88.0 50.0,89.0 51.0,88.0 
20.0,79.0 20.0,80.0 20.0,81.0 21.0,82.0 22.0,83.0 23.0,84.0 24.0,85.0 
60.0,79.0 59.0,80.0 
47.0,80.0 47.0,81.0 
16.0,82.0 15.0,83.0 
54.0,82.0 54.0,83.0 55.0,84.0 54.0,85.0 53.0,84.0 52.0,85.0 52.0,86.0 53.0,87.0 54.0,86.0 
62.0,82.0 62.0,83.0 63.0,84.0 
47.0,83.0 47.0,84.0 47.0,85.0 47.0,86.0 
10.0,84.0 11.0,85.0 12.0,85.0 12.0,84.0 
67.0,85.0 68.0,86.0 69.0,87.0 
11.0,86.0 12.0,86.0 
50.0,86.0 51.0,86.0 
62.0,86.0 62.0,87.0 62.0,88.0 62.0,89.0 62.0,90.0 62.0,91.0 62.0,92.0 63.0,91.0 63.0,90.0 63.0,89.0 63.0,88.0 64.0,88.0 63.0,87.0 64.0,86.0 63.0,86.0 64.0,87.0 
5.0,87.0 4.0,88.0 5.0,89.0 5.0,90.0 5.0,91.0 4.0,90.0 
49.0,87.0 48.0,88.0 47.0,89.0 46.0,89.0 45.0,89.0 44.0,89.0 43.0,89.0 42.0,89.0 41.0,89.0 40.0,89.0 39.0,89.0 38.0,89.0 37.0,89.0 36.0,89.0 35.0,88.0 34.0,88.0 35.0,89.0 36.0,88.0 
15.0,88.0 16.0,89.0 17.0,90.0 18.0,91.0 19.0,92.0 20.0,93.0 20.0,94.0 21.0,94.0 22.0,95.0 23.0,96.0 24.0,97.0 25.0,97.0 26.0,98.0 27.0,98.0 28.0,98.0 29.0,99.0 28.0,99.0 29.0,100.0 30.0,100.0 31.0,100.0 32.0,100.0 33.0,101.0 34.0,101.0 35.0,101.0 36.0,101.0 37.0,102.0 38.0,102.0 37.0,101.0 36.0,102.0 35.0,102.0 
18.0,88.0 18.0,89.0 18.0,90.0 19.0,91.0 18.0,92.0 19.0,93.0 20.0,92.0 20.0,91.0 
47.0,88.0 48.0,89.0 49.0,89.0 50.0,90.0 50.0,91.0 49.0,92.0 49.0,91.0 48.0,92.0 47.0,93.0 48.0,93.0 
1.0,89.0 0.0,90.0 0.0,91.0 1.0,91.0 0.0,92.0 
9.0,89.0 9.0,90.0 8.0,91.0 9.0,92.0 10.0,93.0 10.0,94.0 11.0,95.0 12.0,96.0 12.0,95.0 13.0,94.0 12.0,93.0 13.0,93.0 12.0,92.0 11.0,91.0 11.0,90.0 11.0,89.0 12.0,90.0 
26.0,89.0 27.0,90.0 28.0,91.0 
64.0,89.0 64.0,90.0 
66.0,89.0 67.0,89.0 66.0,90.0 
14.0,90.0 15.0,91.0 16.0,90.0 16.0,91.0 17.0,91.0 
38.0,90.0 39.0,90.0 40.0,90.0 41.0,90.0 42.0,90.0 43.0,90.0 44.0,90.0 45.0,90.0 46.0,90.0 
10.0,91.0 11.0,92.0 10.0,92.0 9.0,93.0 8.0,92.0 
76.0,91.0 77.0,91.0 
6.0,92.0 6.0,93.0 5.0,94.0 5.0,95.0 6.0,96.0 7.0,97.0 8.0,96.0 8.0,95.0 7.0,94.0 
13.0,92.0 14.0,93.0 14.0,94.0 14.0,95.0 15.0,96.0 16.0,97.0 17.0,97.0 18.0,98.0 19.0,99.0 20.0,100.0 21.0,100.0 22.0,101.0 23.0,101.0 24.0,102.0 25.0,103.0 26.0,103.0 27.0,103.0 28.0,104.0 29.0,104.0 30.0,105.0 31.0,105.0 30.0,104.0 29.0,105.0 28.0,106.0 27.0,106.0 26.0,105.0 27.0,104.0 28.0,103.0 29.0,103.0 28.0,102.0 27.0,101.0 27.0,100.0 27.0,99.0 26.0,99.0 25.0,98.0 26.0,97.0 25.0,96.0 24.0,96.0 23.0,95.0 22.0,96.0 21.0,95.0 22.0,94.0 21.0,93.0 
63.0,92.0 62.0,93.0 62.0,94.0 61.0,95.0 60.0,96.0 60.0,97.0 59.0,98.0 60.0,98.0 59.0,99.0 58.0,99.0 59.0,100.0 60.0,101.0 60.0,102.0 60.0,103.0 60.0,104.0 61.0,105.0 62.0,105.0 63.0,104.0 64.0,103.0 65.0,102.0 66.0,101.0 66.0,100.0 67.0,99.0 68.0,98.0 68.0,97.0 67.0,98.0 68.0,99.0 67.0,100.0 67.0,101.0 66.0,102.0 65.0,103.0 64.0,104.0 63.0,105.0 62.0,104.0 61.0,103.0 62.0,102.0 63.0,103.0 64.0,102.0 65.0,101.0 64.0,100.0 63.0,101.0 62.0,100.0 61.0,100.0 61.0,99.0 60.0,99.0 61.0,98.0 62.0,97.0 61.0,96.0 
69.0,92.0 69.0,93.0 69.0,94.0 69.0,95.0 69.0,96.0 68.0,96.0 69.0,97.0 
71.0,92.0 71.0,93.0 71.0,94.0 72.0,95.0 72.0,96.0 72.0,97.0 72.0,98.0 73.0,99.0 74.0,99.0 74.0,100.0 75.0,101.0 76.0,101.0 77.0,102.0 77.0,103.0 76.0,102.0 77.0,101.0 78.0,102.0 78.0,103.0 79.0,104.0 80.0,104.0 79.0,103.0 78.0,104.0 77.0,104.0 76.0,103.0 
73.0,92.0 72.0,93.0 72.0,94.0 71.0,95.0 71.0,96.0 71.0,97.0 71.0,98.0 71.0,99.0 72.0,99.0 73.0,98.0 74.0,98.0 75.0,99.0 75.0,100.0 74.0,101.0 
67.0,93.0 67.0,94.0 68.0,95.0 68.0,94.0 
11.0,94.0 10.0,95.0 11.0,96.0 12.0,97.0 13.0,97.0 14.0,98.0 15.0,99.0 16.0,99.0 17.0,100.0 18.0,101.0 17.0,101.0 18.0,100.0 19.0,101.0 20.0,102.0 21.0,103.0 22.0,103.0 23.0,104.0 22.0,104.0 23.0,105.0 24.0,104.0 25.0,105.0 24.0,105.0 
12.0,94.0 13.0,95.0 13.0,96.0 14.0,97.0 15.0,98.0 14.0,99.0 13.0,98.0 12.0,98.0 11.0,97.0 
50.0,94.0 50.0,95.0 49.0,95.0 48.0,96.0 47.0,96.0 46.0,96.0 46.0,97.0 47.0,97.0 
51.0,94.0 51.0,95.0 50.0,96.0 49.0,96.0 48.0,95.0 
78.0,94.0 79.0,95.0 80.0,95.0 
15.0,95.0 16.0,96.0 16.0,95.0 17.0,96.0 18.0,97.0 19.0,98.0 20.0,99.0 20.0,98.0 21.0,99.0 22.0,100.0 21.0,101.0 21.0,102.0 20.0,103.0 19.0,102.0 18.0,102.0 17.0,102.0 16.0,101.0 16.0,100.0 15.0,100.0 14.0,100.0 
53.0,95.0 53.0,96.0 53.0,97.0 53.0,98.0 53.0,99.0 53.0,100.0 52.0,101.0 52.0,102.0 51.0,103.0 50.0,104.0 49.0,104.0 48.0,104.0 47.0,103.0 46.0,103.0 45.0,103.0 46.0,104.0 47.0,104.0 48.0,103.0 49.0,103.0 50.0,103.0 51.0,102.0 52.0,103.0 51.0,104.0 51.0,105.0 51.0,106.0 51.0,107.0 52.0,107.0 53.0,106.0 53.0,107.0 54.0,108.0 55.0,108.0 56.0,108.0 57.0,108.0 58.0,107.0 57.0,106.0 57.0,105.0 56.0,106.0 55.0,106.0 54.0,106.0 53.0,105.0 52.0,106.0 
45.0,96.0 45.0,97.0 44.0,97.0 
54.0,96.0 54.0,97.0 54.0,98.0 54.0,99.0 
73.0,96.0 73.0,97.0 
23.0,97.0 24.0,98.0 25.0,99.0 25.0,100.0 25.0,101.0 25.0,102.0 24.0,103.0 23.0,102.0 24.0,101.0 
7.0,98.0 8.0,99.0 9.0,100.0 10.0,101.0 11.0,102.0 12.0,103.0 13.0,104.0 14.0,104.0 15.0,105.0 16.0,104.0 16.0,103.0 
16.0,98.0 17.0,98.0 18.0,99.0 
29.0,98.0 30.0,99.0 
51.0,98.0 52.0,99.0 52.0,100.0 53.0,101.0 53.0,102.0 53.0,103.0 53.0,104.0 52.0,104.0 
52.0,98.0 51.0,99.0 51.0,100.0 51.0,101.0 
65.0,98.0 65.0,99.0 
33.0,100.0 32.0,101.0 31.0,101.0 31.0,102.0 31.0,103.0 31.0,104.0 32.0,105.0 33.0,106.0 34.0,106.0 35.0,106.0 36.0,106.0 37.0,106.0 38.0,107.0 39.0,107.0 40.0,107.0 41.0,107.0 42.0,107.0 43.0,107.0 44.0,107.0 45.0,107.0 46.0,107.0 47.0,107.0 48.0,107.0 49.0,107.0 48.0,108.0 49.0,109.0 50.0,109.0 51.0,109.0 52.0,109.0 53.0,109.0 54.0,109.0 55.0,109.0 54.0,110.0 53.0,110.0 52.0,110.0 51.0,110.0 50.0,110.0 49.0,110.0 48.0,109.0 47.0,109.0 47.0,108.0 46.0,109.0 45.0,109.0 44.0,109.0 43.0,109.0 42.0,109.0 43.0,108.0 44.0,108.0 45.0,108.0 46.0,108.0 
34.0,100.0 35.0,100.0 
38.0,101.0 39.0,102.0 40.0,102.0 41.0,102.0 42.0,102.0 43.0,102.0 44.0,103.0 45.0,104.0 44.0,105.0 44.0,106.0 45.0,106.0 46.0,106.0 46.0,105.0 
39.0,101.0 40.0,101.0 41.0,101.0 42.0,101.0 
56.0,101.0 56.0,102.0 57.0,103.0 57.0,104.0 58.0,105.0 59.0,105.0 60.0,106.0 59.0,107.0 60.0,107.0 61.0,106.0 62.0,106.0 
57.0,101.0 57.0,102.0 56.0,103.0 55.0,104.0 55.0,105.0 
33.0,102.0 33.0,103.0 33.0,104.0 33.0,105.0 32.0,106.0 31.0,107.0 30.0,107.0 29.0,106.0 29.0,107.0 28.0,107.0 27.0,107.0 26.0,106.0 27.0,105.0 
44.0,102.0 43.0,103.0 42.0,103.0 41.0,103.0 42.0,104.0 
67.0,103.0 67.0,104.0 68.0,105.0 68.0,106.0 67.0,106.0 
35.0,104.0 34.0,105.0 35.0,105.0 
37.0,104.0 37.0,105.0 38.0,106.0 37.0,107.0 36.0,108.0 35.0,108.0 34.0,108.0 33.0,108.0 32.0,108.0 32.0,107.0 31.0,108.0 
69.0,104.0 69.0,105.0 
13.0,105.0 13.0,106.0 14.0,107.0 15.0,106.0 
49.0,105.0 49.0,106.0 50.0,107.0 49.0,108.0 50.0,108.0 51.0,108.0 
39.0,106.0 40.0,106.0 41.0,106.0 
77.0,106.0 77.0,107.0 
11.0,107.0 10.0,108.0 9.0,109.0 10.0,110.0 11.0,110.0 12.0,109.0 13.0,108.0 
36.0,107.0 37.0,108.0 38.0,109.0 39.0,109.0 40.0,109.0 41.0,109.0 42.0,110.0 43.0,110.0 44.0,110.0 45.0,110.0 46.0,110.0 47.0,110.0 48.0,110.0 
57.0,107.0 58.0,108.0 
65.0,107.0 65.0,108.0 64.0,109.0 65.0,109.0 64.0,108.0 63.0,109.0 
38.0,108.0 37.0,109.0 36.0,109.0 35.0,109.0 36.0,110.0 
6.0,110.0 7.0,110.0 8.0,111.0 
40.0,110.0 41.0,110.0 
5.0,111.0 4.0,112.0 3.0,112.0 2.0,113.0 1.0,113.0 0.0,114.0 
6.0,112.0 5.0,113.0 
59.0,112.0 59.0,113.0 60.0,113.0 
41.0,113.0 40.0,114.0 39.0,114.0 
42.0,113.0 41.0,114.0 
15.0,119.0 16.0,119.0 
