1588,1293,1505
1588,1293,1605
1601,1319,1605
1604,1322,1605
1605,1336,1605
1606,1355,1605
1597,1394,1605
1589,1419,1605
1593,1420,1605
1590,1418,1605
1590,1421,1605
1590,1421,1505
1585,1290,1505
1585,1290,1605
1586,1293,1605
1586,1293,1505
1591,1299,1505
1591,1299,1605
1593,1302,1605
1593,1302,1505
1582,1288,1505
1582,1288,1605
1569,1274,1605
1556,1268,1605
1541,1274,1605
1541,1274,1505
1588,1295,1505
1588,1295,1605
1590,1299,1605
1590,1299,1505
1594,1305,1505
1594,1305,1605
1597,1309,1605
1597,1309,1505
1580,1285,1505
1580,1285,1605
1582,1290,1605
1582,1290,1505
1598,1312,1505
1598,1312,1605
1600,1315,1605
1600,1315,1505
1594,1307,1505
1594,1307,1605
1598,1312,1605
1598,1312,1505
1602,1318,1505
1602,1318,1605
1604,1322,1605
1604,1322,1505
1598,1315,1505
1598,1315,1605
1600,1318,1605
1600,1318,1505
1604,1323,1505
1604,1323,1605
1602,1321,1605
1602,1321,1505
1605,1329,1505
1605,1329,1605
1604,1336,1605
1604,1336,1505
1606,1336,1505
1606,1336,1605
1605,1342,1605
1605,1342,1505
1607,1348,1505
1607,1348,1605
1606,1355,1605
1606,1355,1505
1607,1353,1505
1607,1353,1605
1604,1364,1605
1605,1359,1605
1605,1359,1505
1606,1357,1505
1606,1357,1605
1603,1369,1605
1603,1369,1505
1604,1367,1505
1604,1367,1605
1602,1376,1605
1602,1372,1605
1602,1372,1505
1535,1275,1505
1535,1275,1605
1528,1276,1605
1528,1276,1505
1603,1373,1505
1603,1373,1605
1600,1382,1605
1600,1382,1505
1527,1275,1505
1527,1275,1605
1525,1275,1605
1526,1277,1605
1526,1277,1505
1602,1378,1505
1602,1378,1605
1600,1384,1605
1600,1384,1505
1525,1275,1505
1525,1275,1605
1513,1278,1605
1507,1276,1605
1507,1276,1505
1600,1385,1505
1600,1385,1605
1597,1394,1605
1597,1394,1505
1597,1390,1505
1597,1390,1605
1596,1395,1605
1596,1395,1505
1542,1327,1505
1542,1327,1605
1541,1329,1605
1541,1329,1505
1596,1399,1505
1596,1399,1605
1596,1400,1605
1596,1400,1505
1648,1453,1505
1648,1453,1605
1654,1461,1605
1650,1475,1605
1644,1485,1605
1630,1502,1605
1614,1514,1605
1599,1521,1605
1594,1521,1605
1575,1519,1605
1568,1516,1605
1568,1514,1605
1573,1519,1605
1569,1515,1605
1569,1515,1505
1649,1453,1505
1649,1453,1605
1633,1446,1605
1618,1437,1605
1604,1428,1605
1593,1420,1605
1593,1423,1605
1593,1423,1505
1502,1276,1505
1502,1276,1605
1497,1277,1605
1497,1277,1505
1595,1403,1505
1595,1403,1605
1594,1405,1605
1594,1405,1505
1646,1452,1505
1646,1452,1605
1649,1455,1605
1649,1455,1505
1644,1451,1505
1644,1451,1605
1645,1453,1605
1645,1453,1505
1639,1448,1505
1639,1448,1605
1641,1451,1605
1641,1451,1505
1637,1447,1505
1637,1447,1605
1639,1450,1605
1639,1450,1505
1654,1462,1505
1654,1462,1605
1653,1468,1605
1653,1463,1605
1651,1466,1605
1651,1466,1505
1649,1458,1505
1649,1458,1605
1641,1456,1605
1642,1455,1605
1637,1456,1605
1636,1453,1605
1633,1453,1605
1632,1456,1605
1632,1456,1505
1593,1405,1505
1593,1405,1605
1592,1412,1605
1592,1412,1505
1632,1444,1505
1632,1444,1605
1635,1449,1605
1635,1449,1505
1630,1443,1505
1630,1443,1605
1632,1446,1605
1632,1446,1505
1646,1457,1505
1646,1457,1605
1642,1457,1605
1642,1457,1505
1627,1441,1505
1627,1441,1605
1630,1445,1605
1630,1445,1505
1625,1440,1505
1625,1440,1605
1628,1443,1605
1628,1443,1505
1623,1439,1505
1623,1439,1605
1625,1442,1605
1625,1442,1505
1621,1438,1505
1621,1438,1605
1623,1441,1605
1623,1441,1505
1618,1436,1505
1618,1436,1605
1620,1439,1605
1620,1439,1505
1653,1467,1505
1653,1467,1605
1651,1475,1605
1648,1476,1605
1648,1476,1505
1494,1277,1505
1494,1277,1605
1486,1279,1605
1486,1280,1605
1486,1280,1505
1616,1434,1505
1616,1434,1605
1618,1437,1605
1618,1437,1505
1652,1466,1505
1652,1466,1605
1650,1473,1605
1648,1474,1605
1648,1474,1505
1613,1433,1505
1613,1433,1605
1616,1437,1605
1616,1437,1505
1493,1277,1505
1493,1277,1605
1487,1280,1605
1487,1280,1505
1611,1432,1505
1611,1432,1605
1612,1435,1605
1609,1430,1605
1609,1430,1505
1651,1467,1505
1651,1467,1605
1650,1470,1605
1650,1470,1505
1607,1429,1505
1607,1429,1605
1608,1432,1605
1608,1432,1505
1633,1453,1505
1633,1453,1605
1628,1453,1605
1628,1453,1505
1604,1427,1505
1604,1427,1605
1606,1430,1605
1606,1430,1505
1602,1426,1505
1602,1426,1605
1604,1428,1605
1601,1428,1605
1597,1423,1605
1597,1423,1505
1590,1414,1505
1590,1414,1605
1589,1418,1605
1591,1415,1605
1591,1415,1505
1599,1424,1505
1599,1424,1605
1601,1427,1605
1601,1427,1505
1595,1422,1505
1595,1422,1605
1597,1425,1605
1595,1423,1605
1595,1423,1505
1628,1454,1505
1628,1454,1605
1617,1454,1605
1617,1451,1605
1610,1452,1605
1613,1453,1605
1613,1453,1505
1651,1476,1505
1651,1476,1605
1649,1478,1605
1649,1478,1505
1485,1280,1505
1485,1280,1605
1481,1282,1605
1481,1282,1505
1583,1415,1505
1583,1415,1605
1585,1417,1605
1585,1417,1505
1648,1480,1505
1648,1480,1605
1647,1481,1605
1647,1481,1505
1645,1482,1505
1645,1482,1605
1642,1487,1605
1645,1483,1605
1645,1483,1505
1560,1400,1505
1560,1400,1605
1542,1389,1605
1542,1389,1505
1606,1450,1505
1606,1450,1605
1600,1448,1605
1600,1448,1505
1549,1389,1505
1549,1389,1605
1546,1388,1605
1546,1388,1505
1602,1449,1505
1602,1449,1605
1599,1450,1605
1599,1450,1505
1598,1446,1505
1598,1446,1605
1596,1449,1605
1590,1444,1605
1590,1444,1505
1643,1487,1505
1643,1487,1605
1642,1489,1605
1642,1489,1505
1541,1387,1505
1541,1387,1605
1537,1385,1605
1537,1385,1505
1472,1287,1505
1472,1287,1605
1452,1300,1605
1452,1300,1505
1533,1378,1505
1533,1378,1605
1529,1377,1605
1529,1377,1505
1592,1444,1505
1592,1444,1605
1595,1447,1605
1595,1447,1505
1536,1383,1505
1536,1383,1605
1523,1377,1605
1523,1377,1505
1529,1375,1505
1529,1375,1605
1524,1372,1605
1524,1372,1505
1641,1490,1505
1641,1490,1605
1638,1492,1605
1638,1491,1605
1638,1491,1505
1585,1441,1505
1585,1441,1605
1588,1445,1605
1588,1445,1505
1469,1288,1505
1469,1288,1605
1467,1291,1605
1468,1289,1605
1468,1289,1505
1585,1443,1505
1585,1443,1605
1583,1444,1605
1581,1442,1605
1581,1442,1505
1639,1492,1505
1639,1492,1605
1625,1506,1605
1637,1492,1605
1637,1492,1505
1519,1368,1505
1519,1368,1605
1518,1367,1605
1518,1367,1505
1466,1289,1505
1466,1289,1605
1464,1293,1605
1455,1299,1605
1456,1297,1605
1456,1297,1505
1522,1374,1505
1522,1374,1605
1520,1373,1605
1522,1375,1605
1522,1375,1505
1578,1439,1505
1578,1439,1605
1575,1438,1605
1575,1438,1505
1520,1373,1505
1520,1373,1605
1517,1371,1605
1517,1371,1505
1637,1495,1505
1637,1495,1605
1628,1505,1605
1628,1505,1505
1515,1370,1505
1515,1370,1605
1516,1371,1605
1512,1372,1605
1512,1372,1505
1570,1435,1505
1570,1435,1605
1566,1432,1605
1566,1432,1505
1463,1291,1505
1463,1291,1605
1463,1294,1605
1463,1294,1505
1505,1362,1505
1505,1362,1605
1503,1361,1605
1503,1361,1505
1516,1377,1505
1516,1377,1605
1518,1379,1605
1518,1379,1505
1459,1294,1505
1459,1294,1605
1457,1298,1605
1457,1298,1505
1516,1380,1505
1516,1380,1605
1519,1383,1605
1519,1383,1505
1464,1304,1505
1464,1304,1605
1463,1306,1605
1465,1306,1605
1465,1306,1505
1493,1356,1505
1493,1356,1605
1491,1357,1605
1488,1354,1605
1488,1354,1505
1508,1377,1505
1508,1377,1605
1510,1382,1605
1510,1382,1505
1486,1353,1505
1486,1353,1605
1485,1354,1605
1487,1356,1605
1487,1356,1505
1625,1505,1505
1625,1505,1605
1620,1509,1605
1620,1509,1505
1456,1309,1505
1456,1309,1605
1453,1312,1605
1453,1312,1505
1499,1376,1505
1499,1376,1605
1498,1375,1605
1498,1375,1505
1479,1352,1505
1479,1352,1605
1478,1352,1605
1480,1353,1605
1480,1353,1505
1495,1376,1505
1495,1376,1605
1491,1373,1605
1491,1373,1505
1477,1352,1505
1477,1352,1605
1476,1353,1605
1473,1351,1605
1473,1351,1505
1446,1307,1505
1446,1307,1605
1441,1312,1605
1441,1312,1505
1618,1510,1505
1618,1510,1605
1612,1516,1605
1613,1513,1605
1611,1514,1605
1611,1514,1505
1477,1365,1505
1477,1365,1605
1473,1364,1605
1473,1364,1505
1441,1314,1505
1441,1314,1605
1440,1317,1605
1440,1317,1505
1440,1314,1505
1440,1314,1605
1437,1316,1605
1437,1316,1505
1611,1515,1505
1611,1515,1605
1609,1516,1605
1610,1517,1605
1610,1517,1505
1611,1515,1505
1611,1515,1605
1609,1514,1605
1609,1514,1505
1436,1313,1505
1436,1313,1605
1423,1325,1605
1423,1325,1505
1608,1516,1505
1608,1516,1605
1605,1518,1605
1607,1518,1605
1607,1518,1505
1435,1314,1505
1435,1314,1605
1429,1319,1605
1429,1319,1505
1436,1316,1505
1436,1316,1605
1433,1318,1605
1433,1318,1505
1437,1319,1505
1437,1319,1605
1431,1321,1605
1431,1320,1605
1425,1325,1605
1427,1325,1605
1427,1325,1505
1454,1347,1505
1454,1347,1605
1449,1350,1605
1449,1350,1505
1603,1518,1505
1603,1518,1605
1600,1520,1605
1601,1520,1605
1601,1520,1505
1602,1519,1505
1602,1519,1605
1600,1519,1605
1601,1521,1605
1601,1521,1505
1599,1518,1505
1599,1518,1605
1595,1520,1605
1595,1521,1605
1596,1520,1605
1591,1521,1605
1595,1519,1605
1595,1519,1505
1448,1348,1505
1448,1348,1605
1442,1350,1605
1442,1350,1505
1431,1329,1505
1431,1329,1605
1428,1332,1605
1428,1332,1505
1593,1519,1505
1593,1519,1605
1589,1521,1605
1579,1520,1605
1583,1519,1605
1583,1519,1505
1425,1325,1505
1425,1325,1605
1418,1332,1605
1418,1332,1505
1427,1330,1505
1427,1330,1605
1426,1331,1605
1426,1331,1505
1424,1327,1505
1424,1327,1605
1422,1331,1605
1422,1331,1505
1435,1350,1505
1435,1350,1605
1432,1350,1605
1433,1349,1605
1433,1349,1505
1424,1334,1505
1424,1334,1605
1419,1337,1605
1419,1337,1505
1424,1334,1505
1424,1334,1605
1418,1341,1605
1418,1341,1505
1579,1518,1505
1579,1518,1605
1573,1519,1605
1573,1519,1505
1420,1329,1505
1420,1329,1605
1417,1332,1605
1417,1332,1505
1578,1518,1505
1578,1518,1605
1575,1518,1605
1575,1518,1505
1419,1329,1505
1419,1329,1605
1414,1334,1605
1414,1334,1505
1431,1350,1505
1431,1350,1605
1426,1352,1605
1426,1352,1505
1567,1514,1505
1567,1514,1605
1561,1513,1605
1554,1507,1605
1561,1513,1605
1558,1509,1605
1558,1509,1505
1564,1512,1505
1564,1512,1605
1566,1516,1605
1566,1516,1505
1426,1350,1505
1426,1350,1605
1424,1352,1605
1424,1352,1505
1414,1333,1505
1414,1333,1605
1411,1336,1605
1411,1336,1505
1415,1335,1505
1415,1335,1605
1413,1337,1605
1415,1336,1605
1415,1336,1505
1556,1507,1505
1556,1507,1605
1546,1502,1605
1528,1521,1605
1516,1526,1605
1506,1526,1605
1499,1521,1605
1498,1523,1605
1489,1537,1605
1480,1551,1605
1478,1559,1605
1484,1566,1605
1495,1581,1605
1505,1597,1605
1517,1611,1605
1530,1624,1605
1544,1635,1605
1557,1648,1605
1568,1664,1605
1577,1681,1605
1574,1675,1605
1574,1678,1605
1574,1678,1505
1556,1507,1505
1556,1507,1605
1553,1508,1605
1549,1503,1605
1551,1506,1605
1551,1506,1505
1553,1505,1505
1553,1505,1605
1547,1501,1605
1548,1504,1605
1548,1504,1505
1422,1348,1505
1422,1348,1605
1413,1354,1605
1412,1356,1605
1416,1355,1605
1416,1355,1505
1549,1502,1505
1549,1502,1605
1546,1500,1605
1537,1510,1605
1546,1502,1605
1546,1502,1505
1423,1350,1505
1423,1350,1605
1419,1352,1605
1419,1352,1505
1546,1499,1505
1546,1499,1605
1541,1505,1605
1541,1505,1505
1417,1343,1505
1417,1343,1605
1415,1345,1605
1415,1345,1505
1413,1339,1505
1413,1339,1605
1410,1344,1605
1410,1347,1605
1410,1347,1505
1419,1349,1505
1419,1349,1605
1415,1353,1605
1415,1353,1505
1410,1337,1505
1410,1337,1605
1410,1337,1605
1410,1337,1505
1409,1340,1505
1409,1340,1605
1406,1347,1605
1406,1347,1505
1414,1347,1505
1414,1347,1605
1412,1348,1605
1414,1347,1605
1414,1347,1505
1412,1348,1505
1412,1348,1605
1410,1350,1605
1410,1350,1505
1495,1456,1505
1495,1456,1605
1493,1458,1605
1496,1460,1605
1496,1460,1505
1501,1464,1505
1501,1464,1605
1495,1462,1605
1493,1466,1605
1493,1466,1505
1487,1451,1505
1487,1451,1605
1484,1449,1605
1484,1449,1505
1413,1353,1505
1413,1353,1605
1407,1359,1605
1408,1360,1605
1403,1364,1605
1402,1369,1605
1402,1369,1505
1418,1361,1505
1418,1361,1605
1415,1361,1605
1413,1364,1605
1413,1364,1505
1500,1467,1505
1500,1467,1605
1497,1467,1605
1497,1467,1505
1412,1356,1505
1412,1356,1605
1407,1360,1605
1408,1361,1605
1408,1361,1505
1415,1360,1505
1415,1360,1605
1410,1364,1605
1410,1364,1505
1481,1448,1505
1481,1448,1605
1474,1443,1605
1474,1443,1505
1539,1510,1505
1539,1510,1605
1532,1516,1605
1532,1517,1605
1535,1514,1605
1535,1514,1505
1405,1348,1505
1405,1348,1605
1400,1360,1605
1400,1356,1605
1403,1356,1605
1401,1355,1605
1401,1355,1505
1537,1510,1505
1537,1510,1605
1535,1513,1605
1535,1513,1505
1405,1350,1505
1405,1350,1605
1402,1354,1605
1405,1352,1605
1405,1352,1505
1412,1362,1505
1412,1362,1605
1406,1368,1605
1406,1371,1605
1403,1374,1605
1405,1372,1605
1405,1366,1605
1405,1366,1505
1475,1444,1505
1475,1444,1605
1464,1440,1605
1464,1440,1505
1495,1467,1505
1495,1467,1605
1491,1474,1605
1491,1474,1505
1493,1467,1505
1493,1467,1605
1485,1482,1605
1485,1482,1505
1411,1366,1505
1411,1366,1605
1406,1372,1605
1406,1372,1505
1406,1360,1505
1406,1360,1605
1404,1365,1605
1404,1365,1505
1463,1439,1505
1463,1439,1605
1460,1438,1605
1460,1438,1505
1402,1357,1505
1402,1357,1605
1399,1365,1605
1398,1375,1605
1398,1370,1605
1400,1370,1605
1399,1366,1605
1399,1366,1505
1490,1474,1505
1490,1474,1605
1489,1476,1605
1489,1476,1505
1400,1359,1505
1400,1359,1605
1400,1362,1605
1400,1362,1505
1531,1517,1505
1531,1517,1605
1529,1519,1605
1529,1519,1505
1456,1437,1505
1456,1437,1605
1452,1436,1605
1452,1436,1505
1402,1366,1505
1402,1366,1605
1399,1370,1605
1399,1370,1505
1489,1477,1505
1489,1477,1605
1484,1485,1605
1484,1485,1505
1403,1370,1505
1403,1370,1605
1401,1374,1605
1401,1374,1505
1397,1362,1505
1397,1362,1605
1397,1364,1605
1395,1362,1605
1396,1365,1605
1397,1364,1605
1396,1365,1605
1396,1365,1505
1404,1374,1505
1404,1374,1605
1398,1383,1605
1398,1383,1505
1399,1367,1505
1399,1367,1605
1398,1375,1605
1396,1376,1605
1393,1373,1605
1393,1368,1605
1392,1373,1605
1392,1373,1505
1447,1433,1505
1447,1433,1605
1446,1433,1605
1448,1435,1605
1448,1435,1505
1402,1373,1505
1402,1373,1605
1402,1376,1605
1401,1376,1605
1401,1376,1505
1527,1521,1505
1527,1521,1605
1526,1522,1605
1526,1521,1605
1526,1521,1505
1395,1362,1505
1395,1362,1605
1390,1363,1605
1388,1367,1605
1388,1367,1505
1395,1364,1505
1395,1364,1605
1391,1363,1605
1392,1364,1605
1388,1366,1605
1388,1366,1505
1395,1365,1505
1395,1365,1605
1393,1367,1605
1392,1366,1605
1391,1369,1605
1391,1369,1505
1393,1362,1505
1393,1362,1605
1391,1365,1605
1391,1365,1505
1525,1522,1505
1525,1522,1605
1524,1523,1605
1523,1522,1605
1523,1522,1505
1399,1372,1505
1399,1372,1605
1397,1376,1605
1399,1377,1605
1399,1377,1505
1460,1453,1505
1460,1453,1605
1459,1454,1605
1460,1457,1605
1460,1457,1505
1401,1377,1505
1401,1377,1605
1399,1379,1605
1399,1379,1505
1484,1482,1505
1484,1482,1605
1483,1484,1605
1484,1483,1605
1484,1483,1505
1390,1363,1505
1390,1363,1605
1389,1366,1605
1389,1366,1505
1523,1523,1505
1523,1523,1605
1522,1524,1605
1522,1523,1605
1522,1523,1505
1396,1375,1505
1396,1375,1605
1395,1376,1605
1394,1373,1605
1394,1373,1505
1483,1484,1505
1483,1484,1605
1478,1486,1605
1478,1486,1505
1482,1484,1505
1482,1484,1605
1481,1488,1605
1475,1488,1605
1470,1486,1605
1470,1486,1505
1483,1485,1505
1483,1485,1605
1482,1486,1605
1482,1486,1505
1521,1524,1505
1521,1524,1605
1519,1524,1605
1519,1524,1505
1436,1434,1505
1436,1434,1605
1435,1438,1605
1435,1438,1505
1518,1525,1505
1518,1525,1605
1516,1526,1605
1518,1525,1605
1518,1525,1505
1434,1433,1505
1434,1433,1605
1430,1431,1605
1430,1431,1505
1387,1368,1505
1387,1368,1605
1383,1377,1605
1386,1383,1605
1386,1383,1505
1398,1385,1505
1398,1385,1605
1396,1386,1605
1394,1385,1605
1394,1385,1505
1516,1525,1505
1516,1525,1605
1514,1526,1605
1515,1526,1605
1515,1526,1505
1391,1378,1505
1391,1378,1605
1392,1379,1605
1392,1379,1505
1387,1372,1505
1387,1372,1605
1385,1374,1605
1385,1374,1505
1429,1430,1505
1429,1430,1605
1422,1426,1605
1422,1426,1505
1476,1486,1505
1476,1486,1605
1473,1486,1605
1473,1486,1505
1426,1428,1505
1426,1428,1605
1424,1427,1605
1424,1427,1505
1431,1435,1505
1431,1435,1605
1426,1432,1605
1420,1431,1605
1420,1431,1505
1432,1435,1505
1432,1435,1605
1433,1437,1605
1431,1435,1605
1431,1435,1505
1433,1437,1505
1433,1437,1605
1433,1441,1605
1434,1440,1605
1433,1438,1605
1432,1440,1605
1432,1440,1505
1512,1525,1505
1512,1525,1605
1508,1527,1605
1505,1525,1605
1506,1526,1605
1506,1526,1505
1417,1418,1505
1417,1418,1605
1418,1421,1605
1418,1421,1505
1435,1440,1505
1435,1440,1605
1435,1447,1605
1435,1447,1505
1383,1374,1505
1383,1374,1605
1384,1378,1605
1383,1377,1605
1383,1377,1505
1392,1387,1505
1392,1387,1605
1388,1388,1605
1388,1388,1505
1420,1425,1505
1420,1425,1605
1416,1431,1605
1416,1431,1505
1433,1442,1505
1433,1442,1605
1433,1445,1605
1433,1445,1505
1469,1485,1505
1469,1485,1605
1448,1478,1605
1448,1478,1505
1471,1487,1505
1471,1487,1605
1462,1485,1605
1469,1486,1605
1469,1486,1505
1387,1383,1505
1387,1383,1605
1385,1381,1605
1385,1381,1505
1406,1410,1505
1406,1410,1605
1402,1408,1605
1402,1408,1505
1434,1445,1505
1434,1445,1605
1432,1446,1605
1432,1451,1605
1432,1451,1505
1403,1407,1505
1403,1407,1605
1394,1401,1605
1385,1399,1605
1392,1402,1605
1390,1399,1605
1385,1400,1605
1384,1397,1605
1386,1398,1605
1386,1398,1505
1435,1447,1505
1435,1447,1605
1435,1450,1605
1435,1450,1505
1387,1385,1505
1387,1385,1605
1383,1387,1605
1380,1396,1605
1374,1395,1605
1370,1396,1605
1367,1394,1605
1365,1397,1605
1367,1401,1605
1363,1413,1605
1362,1421,1605
1367,1429,1605
1364,1421,1605
1369,1431,1605
1374,1434,1605
1369,1429,1605
1369,1429,1505
1393,1394,1505
1393,1394,1605
1388,1396,1605
1386,1395,1605
1386,1395,1505
1430,1443,1505
1430,1443,1605
1427,1443,1605
1427,1443,1505
1400,1404,1505
1400,1404,1605
1398,1405,1605
1401,1407,1605
1401,1407,1505
1465,1484,1505
1465,1484,1605
1461,1484,1605
1461,1484,1505
1399,1403,1505
1399,1403,1605
1394,1400,1605
1394,1400,1505
1421,1432,1505
1421,1432,1605
1415,1436,1605
1415,1436,1505
1420,1432,1505
1420,1432,1605
1418,1433,1605
1419,1435,1605
1419,1435,1505
1389,1392,1505
1389,1392,1605
1388,1392,1605
1389,1394,1605
1387,1394,1605
1387,1394,1505
1397,1403,1505
1397,1403,1605
1396,1404,1605
1395,1402,1605
1396,1403,1605
1396,1403,1505
1498,1521,1505
1498,1521,1605
1496,1525,1605
1499,1522,1605
1499,1522,1505
1385,1386,1505
1385,1386,1605
1382,1388,1605
1382,1388,1505
1459,1482,1505
1459,1482,1605
1459,1483,1605
1455,1482,1605
1457,1483,1605
1457,1483,1505
1395,1403,1505
1395,1403,1605
1392,1402,1605
1393,1401,1605
1393,1401,1505
1421,1437,1505
1421,1437,1605
1417,1440,1605
1417,1440,1505
1427,1445,1505
1427,1445,1605
1428,1449,1605
1428,1449,1505
1427,1446,1505
1427,1446,1605
1426,1447,1605
1426,1447,1505
1456,1480,1505
1456,1480,1605
1453,1479,1605
1453,1479,1505
1429,1450,1505
1429,1450,1605
1427,1453,1605
1427,1453,1505
1391,1402,1505
1391,1402,1605
1391,1404,1605
1390,1404,1605
1386,1412,1605
1386,1412,1505
1433,1456,1505
1433,1456,1605
1434,1460,1605
1434,1460,1505
1382,1390,1505
1382,1390,1605
1380,1395,1605
1377,1396,1605
1377,1396,1505
1451,1478,1505
1451,1478,1605
1437,1469,1605
1434,1462,1605
1434,1462,1505
1394,1408,1505
1394,1408,1605
1390,1411,1605
1390,1411,1505
1433,1459,1505
1433,1459,1605
1434,1468,1605
1446,1477,1605
1446,1477,1505
1382,1394,1505
1382,1394,1605
1382,1397,1605
1381,1396,1605
1381,1396,1505
1417,1441,1505
1417,1441,1605
1413,1446,1605
1413,1446,1505
1383,1396,1505
1383,1396,1605
1382,1398,1605
1384,1399,1605
1384,1399,1505
1414,1438,1505
1414,1438,1605
1411,1440,1605
1411,1440,1505
1434,1463,1505
1434,1463,1605
1433,1466,1605
1433,1466,1505
1382,1397,1505
1382,1397,1605
1374,1396,1605
1374,1394,1605
1376,1394,1605
1374,1394,1605
1371,1397,1605
1368,1394,1605
1368,1394,1505
1384,1400,1505
1384,1400,1605
1385,1403,1605
1384,1402,1605
1384,1402,1505
1387,1405,1505
1387,1405,1605
1387,1407,1605
1375,1399,1605
1375,1399,1505
1388,1405,1505
1388,1405,1605
1386,1407,1605
1385,1406,1605
1385,1406,1505
1494,1530,1505
1494,1530,1605
1493,1532,1605
1493,1532,1505
1391,1411,1505
1391,1411,1605
1391,1413,1605
1391,1413,1505
1393,1416,1505
1393,1416,1605
1387,1416,1605
1387,1416,1505
1383,1403,1505
1383,1403,1605
1378,1401,1605
1378,1401,1505
1393,1416,1505
1393,1416,1605
1394,1418,1605
1388,1419,1605
1388,1419,1505
1384,1406,1505
1384,1406,1605
1381,1405,1605
1382,1406,1605
1382,1406,1505
1386,1409,1505
1386,1409,1605
1377,1422,1605
1377,1422,1505
1491,1532,1505
1491,1532,1605
1490,1534,1605
1492,1533,1605
1492,1533,1505
1408,1440,1505
1408,1440,1605
1400,1446,1605
1393,1445,1605
1377,1437,1605
1375,1436,1605
1365,1423,1605
1367,1413,1605
1367,1413,1505
1426,1462,1505
1426,1462,1605
1425,1465,1605
1425,1465,1505
1387,1413,1505
1387,1413,1605
1386,1415,1605
1387,1416,1605
1387,1416,1505
1392,1420,1505
1392,1420,1605
1392,1423,1605
1390,1422,1605
1392,1422,1605
1392,1422,1505
1412,1446,1505
1412,1446,1605
1411,1448,1605
1412,1448,1605
1412,1448,1505
1391,1420,1505
1391,1420,1605
1387,1422,1605
1387,1422,1505
1392,1422,1505
1392,1422,1605
1391,1423,1605
1392,1427,1605
1392,1427,1505
1375,1399,1505
1375,1399,1605
1372,1398,1605
1370,1401,1605
1371,1403,1605
1376,1404,1605
1376,1404,1505
1490,1536,1505
1490,1536,1605
1489,1538,1605
1489,1538,1505
1411,1449,1505
1411,1449,1605
1405,1454,1605
1408,1453,1605
1406,1453,1605
1406,1453,1505
1371,1397,1505
1371,1397,1605
1367,1404,1605
1367,1400,1605
1368,1401,1605
1368,1401,1505
1367,1393,1505
1367,1393,1605
1367,1395,1605
1365,1396,1605
1367,1398,1605
1367,1398,1505
1370,1397,1505
1370,1397,1605
1368,1396,1605
1370,1397,1605
1369,1399,1605
1371,1399,1605
1371,1399,1505
1368,1394,1505
1368,1394,1605
1368,1396,1605
1368,1396,1505
1405,1444,1505
1405,1444,1605
1398,1448,1605
1397,1445,1605
1391,1443,1605
1392,1446,1605
1393,1444,1605
1393,1444,1505
1423,1467,1505
1423,1467,1605
1423,1471,1605
1423,1471,1505
1382,1416,1505
1382,1416,1605
1379,1419,1605
1382,1417,1605
1382,1417,1505
1488,1540,1505
1488,1540,1605
1487,1541,1605
1487,1541,1505
1424,1471,1505
1424,1471,1605
1424,1474,1605
1424,1474,1505
1365,1396,1505
1365,1396,1605
1367,1400,1605
1367,1400,1505
1401,1444,1505
1401,1444,1605
1397,1445,1605
1401,1445,1605
1400,1447,1605
1400,1447,1505
1400,1445,1505
1400,1445,1605
1398,1447,1605
1398,1447,1505
1380,1420,1505
1380,1420,1605
1379,1422,1605
1379,1422,1505
1486,1542,1505
1486,1542,1605
1485,1544,1605
1485,1544,1505
1367,1403,1505
1367,1403,1605
1367,1406,1605
1367,1404,1605
1366,1403,1605
1366,1403,1505
1425,1477,1505
1425,1477,1605
1426,1482,1605
1426,1482,1505
1368,1407,1505
1368,1407,1605
1367,1410,1605
1367,1410,1505
1405,1454,1505
1405,1454,1605
1403,1455,1605
1403,1455,1505
1405,1455,1505
1405,1455,1605
1403,1457,1605
1403,1457,1505
1397,1445,1505
1397,1445,1605
1393,1446,1605
1396,1447,1605
1393,1447,1605
1393,1447,1505
1367,1407,1505
1367,1407,1605
1364,1421,1605
1364,1419,1605
1362,1420,1605
1361,1418,1605
1363,1421,1605
1363,1421,1505
1377,1425,1505
1377,1425,1605
1372,1431,1605
1372,1431,1505
1404,1458,1505
1404,1458,1605
1400,1460,1605
1400,1460,1505
1390,1442,1505
1390,1442,1605
1387,1441,1605
1388,1443,1605
1388,1443,1505
1390,1442,1505
1390,1442,1605
1387,1444,1605
1385,1440,1605
1384,1442,1605
1387,1443,1605
1387,1443,1505
1402,1457,1505
1402,1457,1605
1399,1459,1605
1399,1459,1505
1483,1547,1505
1483,1547,1605
1482,1549,1605
1482,1549,1505
1392,1445,1505
1392,1445,1605
1390,1445,1605
1389,1443,1605
1389,1443,1505
1376,1427,1505
1376,1427,1605
1375,1428,1605
1376,1428,1605
1376,1428,1505
1385,1440,1505
1385,1440,1605
1381,1439,1605
1380,1437,1605
1380,1437,1505
1384,1439,1505
1384,1439,1605
1383,1441,1605
1384,1443,1605
1384,1443,1505
1362,1412,1505
1362,1412,1605
1362,1417,1605
1362,1417,1505
1363,1413,1505
1363,1413,1605
1363,1420,1605
1363,1420,1505
1365,1415,1505
1365,1415,1605
1363,1420,1605
1363,1420,1505
1481,1550,1505
1481,1550,1605
1480,1552,1605
1480,1552,1505
1381,1437,1505
1381,1437,1605
1379,1439,1605
1383,1442,1605
1383,1442,1505
1398,1459,1505
1398,1459,1605
1393,1462,1605
1395,1460,1605
1395,1460,1505
1418,1484,1505
1418,1484,1605
1412,1481,1605
1412,1481,1505
1365,1419,1505
1365,1419,1605
1367,1422,1605
1367,1422,1505
1425,1494,1505
1425,1494,1605
1422,1497,1605
1420,1497,1605
1420,1497,1505
1372,1430,1505
1372,1430,1605
1371,1434,1605
1371,1434,1505
1366,1422,1505
1366,1422,1605
1367,1425,1605
1366,1425,1605
1366,1425,1505
1376,1437,1505
1376,1437,1605
1374,1434,1605
1374,1434,1505
1368,1427,1505
1368,1427,1605
1370,1430,1605
1370,1430,1505
1479,1554,1505
1479,1554,1605
1479,1555,1605
1479,1555,1505
1365,1425,1505
1365,1425,1605
1362,1422,1605
1362,1422,1505
1367,1428,1505
1367,1428,1605
1369,1431,1605
1369,1431,1505
1478,1557,1505
1478,1557,1605
1477,1559,1605
1480,1562,1605
1477,1558,1605
1477,1558,1505
1371,1435,1505
1371,1435,1605
1361,1459,1605
1358,1474,1605
1358,1474,1505
1392,1462,1505
1392,1462,1605
1391,1464,1605
1393,1463,1605
1393,1463,1505
1392,1464,1505
1392,1464,1605
1390,1465,1605
1390,1465,1505
1420,1498,1505
1420,1498,1605
1415,1498,1605
1415,1498,1505
1480,1562,1505
1480,1562,1605
1482,1564,1605
1479,1562,1605
1479,1562,1505
1483,1564,1505
1483,1564,1605
1484,1567,1605
1481,1564,1605
1481,1564,1505
1484,1566,1505
1484,1566,1605
1486,1569,1605
1484,1567,1605
1484,1567,1505
1393,1468,1505
1393,1468,1605
1395,1473,1605
1395,1473,1505
1486,1569,1505
1486,1569,1605
1488,1572,1605
1485,1569,1605
1485,1569,1505
1489,1571,1505
1489,1571,1605
1490,1574,1605
1488,1572,1605
1488,1572,1505
1491,1574,1505
1491,1574,1605
1492,1577,1605
1490,1574,1605
1490,1574,1505
1494,1578,1505
1494,1578,1605
1495,1580,1605
1493,1579,1605
1493,1579,1505
1433,1517,1505
1433,1517,1605
1430,1519,1605
1430,1519,1505
1395,1474,1505
1395,1474,1605
1397,1478,1605
1397,1478,1505
1476,1563,1505
1476,1563,1605
1475,1566,1605
1475,1566,1505
1498,1585,1505
1498,1585,1605
1499,1587,1605
1497,1585,1605
1497,1585,1505
1502,1592,1505
1502,1592,1605
1503,1593,1605
1501,1592,1605
1501,1592,1505
1429,1518,1505
1429,1518,1605
1426,1518,1605
1426,1518,1505
1504,1594,1505
1504,1594,1605
1505,1596,1605
1503,1595,1605
1503,1595,1505
1505,1596,1505
1505,1596,1605
1508,1600,1605
1504,1597,1605
1504,1597,1505
1508,1600,1505
1508,1600,1605
1510,1602,1605
1508,1600,1605
1508,1600,1505
1475,1568,1505
1475,1568,1605
1475,1570,1605
1475,1570,1505
1510,1602,1505
1510,1602,1605
1511,1604,1605
1509,1602,1605
1509,1602,1505
1512,1604,1505
1512,1604,1605
1513,1606,1605
1511,1604,1605
1511,1604,1505
1513,1605,1505
1513,1605,1605
1514,1607,1605
1512,1605,1605
1512,1605,1505
1514,1607,1505
1514,1607,1605
1516,1609,1605
1513,1608,1605
1513,1608,1505
1516,1609,1505
1516,1609,1605
1517,1611,1605
1515,1609,1605
1515,1609,1505
1422,1516,1505
1422,1516,1605
1418,1514,1605
1418,1514,1505
1517,1611,1505
1517,1611,1605
1519,1613,1605
1517,1611,1605
1517,1611,1505
1519,1613,1505
1519,1613,1605
1535,1628,1605
1551,1642,1605
1534,1627,1605
1517,1612,1605
1517,1612,1505
1552,1641,1505
1552,1641,1605
1553,1643,1605
1549,1642,1605
1549,1642,1505
1553,1644,1505
1553,1644,1605
1554,1645,1605
1552,1644,1605
1552,1644,1505
1555,1646,1505
1555,1646,1605
1556,1648,1605
1555,1647,1605
1555,1647,1505
1557,1647,1505
1557,1647,1605
1559,1650,1605
1556,1648,1605
1556,1648,1505
1559,1650,1505
1559,1650,1605
1560,1652,1605
1558,1651,1605
1558,1651,1505
1411,1509,1505
1411,1509,1605
1405,1507,1605
1405,1507,1505
1561,1653,1505
1561,1653,1605
1565,1657,1605
1563,1657,1605
1563,1657,1505
1363,1453,1505
1363,1453,1605
1361,1456,1605
1361,1456,1505
1565,1657,1505
1565,1657,1605
1565,1659,1605
1565,1659,1505
1562,1656,1505
1562,1656,1605
1564,1658,1605
1564,1658,1505
1405,1505,1505
1405,1505,1605
1401,1504,1605
1401,1504,1505
1567,1661,1505
1567,1661,1605
1565,1661,1605
1565,1661,1505
1362,1455,1505
1362,1455,1605
1362,1458,1605
1361,1457,1605
1361,1457,1505
1567,1662,1505
1567,1662,1605
1568,1664,1605
1566,1662,1605
1566,1662,1505
1568,1662,1505
1568,1662,1605
1569,1664,1605
1569,1664,1505
1420,1524,1505
1420,1524,1605
1419,1524,1605
1419,1524,1505
1402,1506,1505
1402,1506,1605
1399,1504,1605
1399,1504,1505
1362,1458,1505
1362,1458,1605
1361,1461,1605
1361,1461,1505
1417,1523,1505
1417,1523,1605
1415,1523,1605
1415,1523,1505
1570,1667,1505
1570,1667,1605
1571,1670,1605
1569,1668,1605
1569,1668,1505
1398,1504,1505
1398,1504,1605
1395,1504,1605
1395,1504,1505
1414,1522,1505
1414,1522,1605
1410,1520,1605
1410,1520,1505
1572,1671,1505
1572,1671,1605
1573,1673,1605
1571,1672,1605
1571,1672,1505
1572,1672,1505
1572,1672,1605
1573,1675,1605
1573,1675,1505
1411,1521,1505
1411,1521,1605
1408,1521,1605
1408,1521,1505
1404,1515,1505
1404,1515,1605
1389,1508,1605
1389,1508,1505
1360,1464,1505
1360,1464,1605
1358,1470,1605
1359,1472,1605
1360,1468,1605
1360,1468,1505
1382,1493,1505
1382,1493,1605
1377,1493,1605
1377,1493,1505
1577,1682,1505
1577,1682,1605
1587,1707,1605
1591,1718,1605
1589,1713,1605
1590,1717,1605
1589,1715,1605
1588,1716,1605
1588,1716,1505
1578,1684,1505
1578,1684,1605
1579,1685,1605
1577,1685,1605
1577,1685,1505
1375,1488,1505
1375,1488,1605
1374,1490,1605
1374,1490,1505
1579,1685,1505
1579,1685,1605
1579,1686,1605
1579,1686,1505
1376,1490,1505
1376,1490,1605
1374,1491,1605
1374,1491,1505
1390,1508,1505
1390,1508,1605
1388,1507,1605
1388,1507,1505
1580,1688,1505
1580,1688,1605
1581,1689,1605
1581,1689,1505
1579,1688,1505
1579,1688,1605
1581,1691,1605
1581,1690,1605
1581,1690,1505
1359,1473,1505
1359,1473,1605
1359,1479,1605
1359,1479,1505
1382,1500,1505
1382,1500,1605
1380,1500,1605
1378,1497,1605
1378,1499,1605
1378,1497,1605
1378,1497,1505
1582,1691,1505
1582,1691,1605
1583,1696,1605
1582,1693,1605
1582,1693,1505
1473,1597,1505
1473,1597,1605
1470,1600,1605
1470,1600,1505
1381,1501,1505
1381,1501,1605
1382,1503,1605
1380,1503,1605
1380,1503,1505
1583,1692,1505
1583,1692,1605
1587,1705,1605
1584,1701,1605
1584,1701,1505
1377,1497,1505
1377,1497,1605
1375,1495,1605
1375,1495,1505
1376,1497,1505
1376,1497,1605
1373,1496,1605
1373,1496,1505
1358,1475,1505
1358,1475,1605
1358,1485,1605
1358,1485,1505
1584,1697,1505
1584,1697,1605
1586,1703,1605
1586,1703,1505
1467,1598,1505
1467,1598,1605
1466,1601,1605
1466,1601,1505
1544,1669,1505
1544,1669,1605
1542,1669,1605
1543,1671,1605
1543,1671,1505
1587,1706,1505
1587,1706,1605
1587,1709,1605
1586,1706,1605
1586,1706,1505
1357,1486,1505
1357,1486,1605
1357,1491,1605
1345,1483,1605
1328,1472,1605
1307,1465,1605
1290,1461,1605
1278,1461,1605
1274,1462,1605
1260,1466,1605
1239,1467,1605
1238,1469,1605
1238,1469,1505
1468,1604,1505
1468,1604,1605
1463,1609,1605
1463,1609,1505
1588,1708,1505
1588,1708,1605
1589,1712,1605
1587,1715,1605
1587,1715,1505
1358,1489,1505
1358,1489,1605
1358,1492,1605
1358,1492,1505
1588,1711,1505
1588,1711,1605
1591,1718,1605
1591,1718,1505
1356,1489,1505
1356,1489,1605
1353,1488,1605
1353,1488,1505
1359,1494,1505
1359,1494,1605
1361,1506,1605
1359,1507,1605
1359,1507,1505
1359,1495,1505
1359,1495,1605
1358,1495,1605
1358,1495,1505
1352,1488,1505
1352,1488,1605
1350,1486,1605
1350,1486,1505
1359,1497,1505
1359,1497,1605
1353,1495,1605
1353,1495,1505
1589,1717,1505
1589,1717,1605
1590,1718,1605
1589,1719,1605
1589,1719,1505
1360,1500,1505
1360,1500,1605
1360,1502,1605
1360,1502,1505
1345,1483,1505
1345,1483,1605
1343,1483,1605
1343,1483,1505
1351,1491,1505
1351,1491,1605
1349,1490,1605
1349,1490,1505
1343,1481,1505
1343,1481,1605
1343,1483,1605
1339,1480,1605
1339,1480,1505
1357,1498,1505
1357,1498,1605
1353,1496,1605
1353,1496,1505
1345,1486,1505
1345,1486,1605
1338,1480,1605
1338,1480,1505
1346,1487,1505
1346,1487,1605
1347,1489,1605
1345,1489,1605
1345,1489,1505
1358,1502,1505
1358,1502,1605
1360,1505,1605
1360,1505,1505
1344,1485,1505
1344,1485,1605
1339,1482,1605
1339,1482,1505
1336,1477,1505
1336,1477,1605
1334,1476,1605
1336,1478,1605
1336,1478,1505
1361,1507,1505
1361,1507,1605
1361,1512,1605
1361,1510,1605
1358,1509,1605
1361,1509,1605
1361,1509,1505
1333,1475,1505
1333,1475,1605
1333,1476,1605
1330,1473,1605
1332,1476,1605
1332,1476,1505
1361,1510,1505
1361,1510,1605
1362,1512,1605
1360,1511,1605
1360,1511,1505
1329,1472,1505
1329,1472,1605
1329,1475,1605
1334,1479,1605
1334,1479,1505
1328,1471,1505
1328,1471,1605
1325,1471,1605
1326,1472,1605
1323,1470,1605
1311,1465,1605
1311,1465,1505
1362,1512,1505
1362,1512,1605
1362,1518,1605
1361,1516,1605
1361,1516,1505
1328,1473,1505
1328,1473,1605
1329,1475,1605
1330,1475,1605
1330,1475,1505
1360,1512,1505
1360,1512,1605
1358,1510,1605
1357,1512,1605
1357,1510,1605
1357,1510,1505
1362,1514,1505
1362,1514,1605
1362,1517,1605
1356,1515,1605
1356,1515,1505
1329,1476,1505
1329,1476,1605
1325,1473,1605
1325,1473,1505
1361,1514,1505
1361,1514,1605
1361,1515,1605
1359,1513,1605
1359,1513,1505
1441,1600,1505
1441,1600,1605
1440,1600,1605
1444,1605,1605
1440,1601,1605
1440,1601,1505
1355,1508,1505
1355,1508,1605
1355,1510,1605
1353,1508,1605
1353,1508,1505
1444,1602,1505
1444,1602,1605
1441,1601,1605
1441,1601,1505
1440,1599,1505
1440,1599,1605
1432,1596,1605
1422,1595,1605
1422,1595,1505
1446,1605,1505
1446,1605,1605
1444,1605,1605
1447,1608,1605
1446,1606,1605
1446,1606,1505
1439,1599,1505
1439,1599,1605
1430,1597,1605
1430,1597,1505
1363,1518,1505
1363,1518,1605
1362,1527,1605
1364,1535,1605
1362,1553,1605
1362,1553,1505
1447,1607,1505
1447,1607,1605
1447,1609,1605
1447,1609,1505
1439,1600,1505
1439,1600,1605
1442,1603,1605
1442,1603,1505
1438,1599,1505
1438,1599,1605
1436,1599,1605
1436,1599,1505
1362,1519,1505
1362,1519,1605
1362,1522,1605
1358,1521,1605
1358,1521,1505
1449,1611,1505
1449,1611,1605
1448,1616,1605
1449,1618,1605
1446,1620,1605
1446,1620,1505
1447,1610,1505
1447,1610,1605
1449,1612,1605
1449,1612,1505
1318,1469,1505
1318,1469,1605
1317,1468,1605
1317,1471,1605
1319,1471,1605
1319,1471,1505
1359,1517,1505
1359,1517,1605
1359,1519,1605
1359,1519,1505
1363,1523,1505
1363,1523,1605
1363,1523,1605
1363,1523,1505
1317,1469,1505
1317,1469,1605
1317,1471,1605
1317,1471,1505
1449,1613,1505
1449,1613,1605
1448,1616,1605
1448,1616,1505
1316,1468,1505
1316,1468,1605
1311,1466,1605
1315,1468,1605
1316,1470,1605
1314,1470,1605
1315,1471,1605
1315,1471,1505
1428,1595,1505
1428,1595,1605
1426,1597,1605
1426,1597,1505
1428,1595,1505
1428,1595,1605
1427,1597,1605
1430,1598,1605
1430,1598,1505
1357,1520,1505
1357,1520,1605
1352,1519,1605
1352,1519,1505
1310,1465,1505
1310,1465,1605
1309,1466,1605
1311,1467,1605
1311,1467,1505
1313,1469,1505
1313,1469,1605
1308,1468,1605
1308,1468,1505
1362,1527,1505
1362,1527,1605
1358,1525,1605
1358,1524,1605
1358,1524,1505
1363,1528,1505
1363,1528,1605
1359,1527,1605
1359,1527,1505
1364,1529,1505
1364,1529,1605
1362,1529,1605
1362,1529,1505
1447,1616,1505
1447,1616,1605
1446,1619,1605
1446,1619,1505
1309,1465,1505
1309,1465,1605
1301,1464,1605
1300,1464,1605
1302,1465,1605
1305,1465,1605
1305,1465,1505
1309,1466,1505
1309,1466,1605
1306,1466,1605
1306,1466,1505
1312,1469,1505
1312,1469,1605
1307,1471,1605
1307,1471,1505
1364,1530,1505
1364,1530,1605
1364,1531,1605
1364,1531,1505
1308,1466,1505
1308,1466,1605
1307,1467,1605
1307,1467,1505
1351,1517,1505
1351,1517,1605
1348,1518,1605
1348,1518,1505
1424,1596,1505
1424,1596,1605
1424,1597,1605
1423,1596,1605
1423,1596,1505
1312,1472,1505
1312,1472,1605
1310,1473,1605
1310,1473,1505
1315,1476,1505
1315,1476,1605
1313,1477,1605
1313,1477,1505
1422,1595,1505
1422,1595,1605
1421,1596,1605
1423,1597,1605
1423,1597,1505
1448,1621,1505
1448,1621,1605
1445,1622,1605
1445,1622,1505
1354,1523,1505
1354,1523,1605
1352,1524,1605
1351,1522,1605
1351,1522,1505
1364,1534,1505
1364,1534,1605
1364,1539,1605
1364,1539,1505
1420,1594,1505
1420,1594,1605
1407,1594,1605
1407,1593,1605
1404,1594,1605
1401,1593,1605
1403,1595,1605
1401,1594,1605
1402,1595,1605
1399,1593,1605
1392,1594,1605
1389,1592,1605
1388,1593,1605
1390,1594,1605
1389,1593,1605
1392,1593,1605
1392,1595,1605
1393,1594,1605
1393,1594,1505
1420,1595,1505
1420,1595,1605
1418,1595,1605
1419,1596,1605
1417,1595,1605
1417,1595,1505
1420,1595,1505
1420,1595,1605
1419,1597,1605
1419,1597,1505
1307,1468,1505
1307,1468,1605
1303,1469,1605
1303,1469,1505
1367,1539,1505
1367,1539,1605
1366,1540,1605
1365,1537,1605
1365,1537,1505
1321,1487,1505
1321,1487,1605
1321,1487,1605
1318,1484,1605
1312,1482,1605
1304,1482,1605
1308,1483,1605
1309,1481,1605
1309,1481,1505
1323,1489,1505
1323,1489,1605
1324,1490,1605
1322,1488,1605
1328,1498,1605
1328,1498,1505
1322,1487,1505
1322,1487,1605
1318,1485,1605
1318,1485,1505
1384,1558,1505
1384,1558,1605
1377,1553,1605
1377,1553,1505
1302,1463,1505
1302,1463,1605
1300,1464,1605
1300,1464,1505
1367,1541,1505
1367,1541,1605
1370,1546,1605
1370,1546,1505
1368,1542,1505
1368,1542,1605
1369,1545,1605
1369,1545,1505
1316,1482,1505
1316,1482,1605
1313,1482,1605
1315,1484,1605
1311,1482,1605
1306,1482,1605
1306,1482,1505
1328,1497,1505
1328,1497,1605
1327,1499,1605
1329,1499,1605
1329,1499,1505
1444,1622,1505
1444,1622,1605
1441,1623,1605
1441,1623,1505
1415,1594,1505
1415,1594,1605
1416,1596,1605
1410,1595,1605
1410,1595,1505
1299,1463,1505
1299,1463,1605
1297,1463,1605
1299,1465,1605
1299,1465,1505
1308,1474,1505
1308,1474,1605
1306,1475,1605
1306,1475,1505
1328,1500,1505
1328,1500,1605
1329,1503,1605
1327,1500,1605
1327,1500,1505
1366,1543,1505
1366,1543,1605
1365,1546,1605
1365,1542,1605
1365,1542,1505
1358,1535,1505
1358,1535,1605
1354,1534,1605
1354,1534,1505
1366,1543,1505
1366,1543,1605
1366,1551,1605
1364,1548,1605
1366,1547,1605
1366,1549,1605
1366,1549,1505
1301,1467,1505
1301,1467,1605
1297,1468,1605
1297,1468,1505
1413,1594,1505
1413,1594,1605
1413,1595,1605
1413,1595,1505
1353,1531,1505
1353,1531,1605
1349,1529,1605
1349,1529,1505
1328,1502,1505
1328,1502,1605
1331,1506,1605
1331,1506,1505
1363,1542,1505
1363,1542,1605
1363,1544,1605
1363,1544,1505
1412,1594,1505
1412,1594,1605
1411,1595,1605
1411,1595,1505
1293,1462,1505
1293,1462,1605
1292,1465,1605
1292,1465,1505
1366,1547,1505
1366,1547,1605
1365,1549,1605
1365,1549,1505
1474,1656,1505
1474,1656,1605
1473,1657,1605
1471,1655,1605
1473,1657,1605
1473,1657,1505
1475,1657,1505
1475,1657,1605
1479,1662,1605
1477,1662,1605
1478,1660,1605
1476,1660,1605
1476,1660,1505
1476,1658,1505
1476,1658,1605
1474,1658,1605
1473,1656,1605
1473,1656,1505
1333,1510,1505
1333,1510,1605
1335,1516,1605
1335,1516,1505
1362,1544,1505
1362,1544,1605
1362,1546,1605
1363,1547,1605
1363,1547,1505
1438,1623,1505
1438,1623,1605
1436,1623,1605
1436,1623,1505
1475,1657,1505
1475,1657,1605
1474,1659,1605
1466,1655,1605
1465,1654,1605
1471,1655,1605
1468,1656,1605
1468,1656,1505
1475,1658,1505
1475,1658,1605
1475,1660,1605
1473,1658,1605
1473,1658,1505
1408,1594,1505
1408,1594,1605
1408,1595,1605
1406,1595,1605
1407,1594,1605
1407,1594,1505
1479,1662,1505
1479,1662,1605
1477,1663,1605
1477,1663,1505
1409,1595,1505
1409,1595,1605
1406,1595,1605
1406,1595,1505
1480,1663,1505
1480,1663,1605
1479,1664,1605
1479,1664,1505
1292,1463,1505
1292,1463,1605
1289,1461,1605
1289,1461,1505
1366,1550,1505
1366,1550,1605
1366,1556,1605
1366,1556,1505
1480,1664,1505
1480,1664,1605
1480,1665,1605
1480,1665,1505
1364,1548,1505
1364,1548,1605
1363,1556,1605
1363,1554,1605
1364,1555,1605
1363,1555,1605
1363,1555,1505
1296,1469,1505
1296,1469,1605
1288,1464,1605
1281,1470,1605
1281,1470,1505
1482,1666,1505
1482,1666,1605
1483,1671,1605
1483,1671,1505
1333,1515,1505
1333,1515,1605
1334,1518,1605
1334,1518,1505
1364,1549,1505
1364,1549,1605
1364,1553,1605
1364,1553,1505
1405,1593,1505
1405,1593,1605
1404,1593,1605
1404,1593,1505
1468,1654,1505
1468,1654,1605
1466,1654,1605
1466,1654,1505
1482,1667,1505
1482,1667,1605
1481,1667,1605
1481,1667,1505
1288,1461,1505
1288,1461,1605
1287,1462,1605
1287,1462,1505
1306,1482,1505
1306,1482,1605
1301,1481,1605
1298,1483,1605
1298,1483,1505
1483,1669,1505
1483,1669,1605
1484,1676,1605
1484,1672,1605
1484,1672,1505
1362,1549,1505
1362,1549,1605
1362,1552,1605
1360,1552,1605
1360,1552,1505
1465,1653,1505
1465,1653,1605
1460,1652,1605
1461,1655,1605
1456,1651,1605
1456,1651,1505
1366,1554,1505
1366,1554,1605
1368,1558,1605
1368,1558,1505
1293,1469,1505
1293,1469,1605
1294,1471,1605
1294,1471,1505
1303,1481,1505
1303,1481,1605
1300,1482,1605
1300,1482,1505
1465,1653,1505
1465,1653,1605
1464,1655,1605
1461,1653,1605
1461,1653,1505
1291,1468,1505
1291,1468,1605
1289,1469,1605
1289,1469,1505
1364,1552,1505
1364,1552,1605
1363,1553,1605
1363,1553,1505
1464,1654,1505
1464,1654,1605
1463,1654,1605
1463,1654,1505
1336,1522,1505
1336,1522,1605
1338,1529,1605
1338,1529,1505
1290,1468,1505
1290,1468,1605
1287,1466,1605
1287,1466,1505
1400,1593,1505
1400,1593,1605
1398,1594,1605
1400,1595,1605
1400,1595,1505
1289,1468,1505
1289,1468,1605
1287,1468,1605
1289,1469,1605
1289,1469,1505
1460,1652,1505
1460,1652,1605
1456,1654,1605
1453,1653,1605
1453,1651,1605
1445,1650,1605
1445,1650,1505
1364,1556,1505
1364,1556,1605
1363,1558,1605
1363,1556,1605
1363,1556,1505
1285,1464,1505
1285,1464,1605
1282,1464,1605
1282,1464,1505
1361,1553,1505
1361,1553,1605
1360,1556,1605
1360,1556,1505
1364,1557,1505
1364,1557,1605
1362,1561,1605
1363,1572,1605
1363,1572,1505
1398,1593,1505
1398,1593,1605
1396,1593,1605
1396,1593,1505
1459,1653,1505
1459,1653,1605
1458,1654,1605
1461,1655,1605
1461,1655,1505
1281,1460,1505
1281,1460,1605
1280,1461,1605
1282,1462,1605
1282,1462,1505
1296,1479,1505
1296,1479,1605
1298,1482,1605
1298,1482,1505
1337,1528,1505
1337,1528,1605
1338,1530,1605
1338,1530,1505
1483,1676,1505
1483,1676,1605
1482,1679,1605
1482,1679,1505
1338,1530,1505
1338,1530,1605
1341,1536,1605
1341,1536,1505
1398,1594,1505
1398,1594,1605
1394,1594,1605
1394,1594,1505
1280,1460,1505
1280,1460,1605
1276,1462,1605
1277,1463,1605
1277,1463,1505
1362,1557,1505
1362,1557,1605
1363,1560,1605
1363,1560,1505
1456,1652,1505
1456,1652,1605
1453,1651,1605
1456,1653,1605
1456,1653,1505
1340,1533,1505
1340,1533,1605
1339,1535,1605
1341,1537,1605
1339,1535,1605
1339,1535,1505
1291,1476,1505
1291,1476,1605
1286,1474,1605
1286,1474,1505
1483,1679,1505
1483,1679,1605
1481,1680,1605
1481,1680,1505
1455,1654,1505
1455,1654,1605
1450,1652,1605
1449,1650,1605
1452,1652,1605
1452,1651,1605
1452,1651,1505
1276,1461,1505
1276,1461,1605
1274,1463,1605
1274,1463,1505
1279,1464,1505
1279,1464,1605
1280,1466,1605
1280,1466,1505
1343,1540,1505
1343,1540,1605
1342,1541,1605
1342,1541,1505
1278,1464,1505
1278,1464,1605
1276,1465,1605
1276,1465,1505
1288,1477,1505
1288,1477,1605
1282,1474,1605
1281,1471,1605
1280,1471,1605
1280,1471,1505
1451,1652,1505
1451,1652,1605
1444,1651,1605
1444,1651,1505
1288,1477,1505
1288,1477,1605
1290,1479,1605
1289,1480,1605
1292,1482,1605
1291,1485,1605
1296,1494,1605
1296,1494,1505
1449,1650,1505
1449,1650,1605
1446,1649,1605
1446,1649,1505
1279,1466,1505
1279,1466,1605
1275,1468,1605
1275,1468,1505
1286,1475,1505
1286,1475,1605
1284,1475,1605
1283,1474,1605
1283,1474,1505
1274,1461,1505
1274,1461,1605
1271,1463,1605
1271,1463,1505
1450,1653,1505
1450,1653,1605
1445,1651,1605
1445,1651,1505
1389,1592,1505
1389,1592,1605
1368,1590,1605
1368,1590,1505
1389,1593,1505
1389,1593,1605
1387,1593,1605
1387,1593,1505
1282,1472,1505
1282,1472,1605
1271,1472,1605
1271,1472,1505
1360,1563,1505
1360,1563,1605
1360,1567,1605
1359,1567,1605
1359,1567,1505
1293,1486,1505
1293,1486,1605
1295,1490,1605
1295,1490,1505
1352,1555,1505
1352,1555,1605
1351,1555,1605
1351,1555,1505
1346,1549,1505
1346,1549,1605
1345,1550,1605
1347,1551,1605
1347,1551,1505
1272,1462,1505
1272,1462,1605
1270,1463,1605
1270,1463,1505
1417,1623,1505
1417,1623,1605
1414,1623,1605
1414,1623,1505
1386,1592,1505
1386,1592,1605
1380,1592,1605
1378,1590,1605
1375,1592,1605
1377,1592,1605
1376,1590,1605
1376,1590,1505
1443,1649,1505
1443,1649,1605
1437,1649,1605
1437,1650,1605
1435,1649,1605
1437,1649,1605
1432,1648,1605
1432,1648,1505
1443,1650,1505
1443,1650,1605
1441,1651,1605
1439,1649,1605
1439,1651,1605
1441,1651,1605
1440,1649,1605
1440,1649,1505
1273,1464,1505
1273,1464,1605
1269,1465,1605
1269,1465,1505
1278,1471,1505
1278,1471,1605
1280,1473,1605
1280,1473,1505
1293,1490,1505
1293,1490,1605
1293,1491,1605
1293,1491,1505
1277,1471,1505
1277,1471,1605
1277,1473,1605
1277,1473,1505
1295,1493,1505
1295,1493,1605
1294,1493,1605
1292,1492,1605
1292,1492,1505
1383,1591,1505
1383,1591,1605
1380,1591,1605
1380,1592,1605
1383,1593,1605
1381,1592,1605
1381,1592,1505
1295,1493,1505
1295,1493,1605
1297,1496,1605
1297,1496,1505
1346,1553,1505
1346,1553,1605
1349,1559,1605
1349,1559,1505
1438,1648,1505
1438,1648,1605
1437,1650,1605
1438,1651,1605
1438,1651,1505
1295,1496,1505
1295,1496,1605
1295,1497,1605
1293,1495,1605
1293,1495,1505
1346,1556,1505
1346,1556,1605
1347,1559,1605
1347,1559,1505
1267,1464,1505
1267,1464,1605
1265,1465,1605
1265,1465,1505
1269,1466,1505
1269,1466,1605
1268,1466,1605
1269,1469,1605
1268,1467,1605
1268,1467,1505
1380,1592,1505
1380,1592,1605
1377,1592,1605
1377,1592,1505
1297,1501,1505
1297,1501,1605
1300,1505,1605
1300,1505,1505
1363,1574,1505
1363,1574,1605
1362,1579,1605
1362,1579,1505
1435,1648,1505
1435,1648,1605
1433,1650,1605
1430,1649,1605
1430,1647,1605
1426,1648,1605
1416,1644,1605
1416,1645,1605
1420,1647,1605
1420,1645,1605
1423,1646,1605
1421,1645,1605
1421,1645,1505
1438,1651,1505
1438,1651,1605
1436,1650,1605
1436,1650,1505
1267,1465,1505
1267,1465,1605
1266,1465,1605
1267,1465,1605
1267,1465,1505
1407,1622,1505
1407,1622,1605
1402,1623,1605
1402,1623,1505
1350,1564,1505
1350,1564,1605
1349,1566,1605
1349,1566,1505
1299,1507,1505
1299,1507,1605
1302,1515,1605
1302,1515,1505
1270,1472,1505
1270,1472,1605
1266,1473,1605
1266,1473,1505
1373,1590,1505
1373,1590,1605
1372,1592,1605
1371,1590,1605
1371,1590,1505
1349,1564,1505
1349,1564,1605
1352,1571,1605
1352,1571,1505
1374,1591,1505
1374,1591,1605
1373,1592,1605
1375,1592,1605
1375,1592,1505
1363,1580,1505
1363,1580,1605
1365,1591,1605
1358,1590,1605
1360,1591,1605
1361,1589,1605
1361,1589,1505
1429,1647,1505
1429,1647,1605
1429,1649,1605
1429,1647,1605
1429,1647,1505
1430,1648,1505
1430,1648,1605
1431,1649,1605
1427,1648,1605
1427,1648,1505
1264,1467,1505
1264,1467,1605
1261,1466,1605
1261,1466,1505
1266,1469,1505
1266,1469,1605
1263,1468,1605
1264,1470,1605
1264,1470,1505
1262,1465,1505
1262,1465,1605
1262,1466,1605
1263,1467,1605
1263,1467,1505
1302,1514,1505
1302,1514,1605
1302,1516,1605
1302,1516,1505
1372,1591,1505
1372,1591,1605
1368,1592,1605
1365,1591,1605
1366,1590,1605
1364,1590,1605
1364,1591,1605
1367,1591,1605
1366,1592,1605
1366,1592,1505
1427,1646,1505
1427,1646,1605
1426,1647,1605
1424,1646,1605
1425,1648,1605
1422,1646,1605
1422,1646,1505
1262,1467,1505
1262,1467,1605
1259,1467,1605
1260,1466,1605
1260,1466,1505
1352,1572,1505
1352,1572,1605
1353,1575,1605
1353,1575,1505
1427,1648,1505
1427,1648,1605
1420,1646,1605
1420,1646,1505
1303,1517,1505
1303,1517,1605
1303,1520,1605
1305,1521,1605
1304,1520,1605
1304,1520,1505
1349,1570,1505
1349,1570,1605
1350,1572,1605
1350,1572,1505
1424,1647,1505
1424,1647,1605
1422,1645,1605
1422,1645,1505
1306,1521,1505
1306,1521,1605
1306,1524,1605
1304,1522,1605
1303,1523,1605
1305,1526,1605
1305,1526,1505
1311,1528,1505
1311,1528,1605
1310,1529,1605
1312,1531,1605
1312,1531,1505
1259,1466,1505
1259,1466,1605
1258,1467,1605
1258,1466,1605
1258,1466,1505
1306,1524,1505
1306,1524,1605
1306,1527,1605
1306,1527,1505
1354,1577,1505
1354,1577,1605
1355,1580,1605
1355,1580,1505
1397,1622,1505
1397,1622,1605
1395,1622,1605
1397,1623,1605
1397,1623,1505
1257,1466,1505
1257,1466,1605
1256,1466,1605
1256,1466,1505
1270,1483,1505
1270,1483,1605
1270,1485,1605
1270,1485,1505
1307,1526,1505
1307,1526,1605
1308,1529,1605
1306,1528,1605
1306,1528,1505
1308,1528,1505
1308,1528,1605
1310,1535,1605
1310,1535,1505
1258,1469,1505
1258,1469,1605
1256,1469,1605
1256,1469,1505
1365,1591,1505
1365,1591,1605
1362,1591,1605
1363,1590,1605
1363,1590,1505
1395,1622,1505
1395,1622,1605
1394,1623,1605
1394,1623,1505
1417,1644,1505
1417,1644,1605
1407,1643,1605
1403,1640,1605
1406,1643,1605
1407,1641,1605
1413,1643,1605
1414,1645,1605
1411,1644,1605
1411,1644,1505
1452,1677,1505
1452,1677,1605
1450,1678,1605
1450,1678,1505
1356,1583,1505
1356,1583,1605
1357,1584,1605
1355,1583,1605
1355,1583,1505
1415,1643,1505
1415,1643,1605
1414,1644,1605
1415,1645,1605
1416,1644,1605
1416,1644,1505
1254,1466,1505
1254,1466,1605
1253,1468,1605
1253,1466,1605
1253,1466,1505
1264,1479,1505
1264,1479,1605
1260,1480,1605
1260,1480,1505
1363,1591,1505
1363,1591,1605
1360,1591,1605
1362,1591,1605
1362,1591,1505
1309,1532,1505
1309,1532,1605
1311,1536,1605
1311,1536,1505
1252,1466,1505
1252,1466,1605
1252,1468,1605
1252,1468,1505
1411,1642,1505
1411,1642,1605
1412,1643,1605
1408,1643,1605
1408,1643,1505
1391,1623,1505
1391,1623,1605
1390,1624,1605
1389,1622,1605
1389,1622,1505
1360,1592,1505
1360,1592,1605
1357,1590,1605
1357,1590,1505
1255,1473,1505
1255,1473,1605
1253,1471,1605
1253,1472,1605
1253,1472,1505
1258,1476,1505
1258,1476,1605
1254,1474,1605
1254,1474,1505
1390,1623,1505
1390,1623,1605
1381,1625,1605
1381,1625,1505
1406,1641,1505
1406,1641,1605
1405,1640,1605
1407,1642,1605
1407,1643,1605
1407,1643,1505
1388,1622,1505
1388,1622,1605
1386,1624,1605
1386,1624,1505
1252,1471,1505
1252,1471,1605
1250,1470,1605
1251,1472,1605
1251,1472,1505
1356,1591,1505
1356,1591,1605
1353,1590,1605
1353,1590,1505
1274,1499,1505
1274,1499,1605
1275,1503,1605
1275,1503,1505
1434,1670,1505
1434,1670,1605
1434,1672,1605
1434,1672,1505
1255,1477,1505
1255,1477,1605
1255,1479,1605
1253,1477,1605
1253,1477,1505
1403,1640,1505
1403,1640,1605
1402,1641,1605
1399,1639,1605
1397,1640,1605
1395,1638,1605
1396,1640,1605
1394,1638,1605
1394,1639,1605
1391,1637,1605
1391,1637,1505
1402,1640,1505
1402,1640,1605
1401,1641,1605
1401,1639,1605
1399,1639,1605
1399,1639,1505
1246,1467,1505
1246,1467,1605
1245,1468,1605
1244,1467,1605
1244,1467,1505
1404,1642,1505
1404,1642,1605
1404,1642,1605
1404,1642,1505
1247,1470,1505
1247,1470,1605
1247,1472,1605
1245,1470,1605
1245,1470,1505
1250,1475,1505
1250,1475,1605
1249,1475,1605
1249,1475,1505
1314,1550,1505
1314,1550,1605
1315,1551,1605
1315,1551,1505
1399,1639,1505
1399,1639,1605
1398,1640,1605
1396,1638,1605
1396,1640,1605
1396,1640,1505
1243,1467,1505
1243,1467,1605
1242,1467,1605
1242,1467,1505
1245,1469,1505
1245,1469,1605
1240,1470,1605
1240,1470,1505
1399,1641,1505
1399,1641,1605
1396,1639,1605
1396,1639,1505
1248,1475,1505
1248,1475,1605
1246,1476,1605
1244,1474,1605
1244,1474,1505
1434,1676,1505
1434,1676,1605
1433,1675,1605
1433,1675,1505
1390,1633,1505
1390,1633,1605
1381,1626,1605
1381,1626,1505
1390,1634,1505
1390,1634,1605
1396,1640,1605
1396,1640,1505
1391,1634,1505
1391,1634,1605
1394,1638,1605
1394,1638,1505
1251,1481,1505
1251,1481,1605
1248,1480,1605
1248,1480,1505
1387,1631,1505
1387,1631,1605
1387,1633,1605
1389,1634,1605
1388,1632,1605
1388,1632,1505
1390,1634,1505
1390,1634,1605
1393,1637,1605
1393,1637,1505
1379,1623,1505
1379,1623,1605
1381,1627,1605
1381,1627,1505
1384,1628,1505
1384,1628,1605
1385,1630,1605
1385,1630,1505
1430,1675,1505
1430,1675,1605
1426,1675,1605
1426,1675,1505
1377,1624,1505
1377,1624,1605
1370,1621,1605
1370,1621,1505
1319,1563,1505
1319,1563,1605
1320,1566,1605
1318,1564,1605
1318,1564,1505
1376,1623,1505
1376,1623,1605
1374,1624,1605
1374,1624,1505
1250,1484,1505
1250,1484,1605
1247,1484,1605
1248,1486,1605
1249,1485,1605
1249,1485,1505
1236,1467,1505
1236,1467,1605
1221,1469,1605
1204,1466,1605
1188,1464,1605
1188,1464,1505
1237,1469,1505
1237,1469,1605
1235,1469,1605
1236,1468,1605
1236,1468,1505
1238,1471,1505
1238,1471,1605
1234,1472,1605
1234,1472,1505
1373,1623,1505
1373,1623,1605
1368,1622,1605
1368,1622,1505
1234,1468,1505
1234,1468,1605
1232,1469,1605
1233,1471,1605
1231,1469,1605
1233,1468,1605
1233,1468,1505
1252,1490,1505
1252,1490,1605
1249,1490,1605
1249,1490,1505
1424,1674,1505
1424,1674,1605
1422,1676,1605
1422,1676,1505
1331,1581,1505
1331,1581,1605
1325,1580,1605
1325,1580,1505
1247,1487,1505
1247,1487,1605
1246,1486,1605
1246,1486,1505
1280,1526,1505
1280,1526,1605
1279,1526,1605
1279,1526,1505
1230,1468,1505
1230,1468,1605
1229,1470,1605
1227,1468,1605
1229,1468,1605
1229,1470,1605
1229,1470,1505
1336,1589,1505
1336,1589,1605
1330,1588,1605
1330,1588,1505
1366,1622,1505
1366,1622,1605
1364,1622,1605
1364,1622,1505
1281,1530,1505
1281,1530,1605
1281,1533,1605
1281,1533,1505
1231,1471,1505
1231,1471,1605
1232,1473,1605
1230,1472,1605
1230,1472,1505
1227,1468,1505
1227,1468,1605
1226,1468,1605
1226,1468,1505
1228,1469,1505
1228,1469,1605
1225,1470,1605
1225,1468,1605
1225,1468,1505
1229,1472,1505
1229,1472,1605
1226,1469,1605
1226,1469,1505
1284,1536,1505
1284,1536,1605
1285,1538,1605
1285,1538,1505
1360,1621,1505
1360,1621,1605
1358,1622,1605
1362,1622,1605
1362,1622,1505
1224,1468,1505
1224,1468,1605
1223,1469,1605
1224,1469,1605
1224,1469,1505
1242,1491,1505
1242,1491,1605
1239,1490,1605
1239,1490,1505
1239,1488,1505
1239,1488,1605
1235,1488,1605
1235,1488,1505
1411,1673,1505
1411,1673,1605
1411,1676,1605
1412,1677,1605
1412,1677,1505
1224,1470,1505
1224,1470,1605
1225,1472,1605
1224,1471,1605
1224,1471,1505
1358,1621,1505
1358,1621,1605
1353,1622,1605
1353,1622,1505
1221,1468,1505
1221,1468,1605
1220,1470,1605
1224,1472,1605
1224,1472,1505
1220,1468,1505
1220,1468,1605
1219,1469,1605
1219,1468,1605
1219,1468,1505
1410,1675,1505
1410,1675,1605
1412,1677,1605
1412,1683,1605
1412,1683,1505
1409,1674,1505
1409,1674,1605
1403,1672,1605
1403,1673,1605
1399,1671,1605
1397,1671,1605
1395,1669,1605
1398,1670,1605
1398,1670,1505
1407,1674,1505
1407,1674,1605
1405,1672,1605
1405,1672,1505
1218,1468,1505
1218,1468,1605
1217,1469,1605
1218,1470,1605
1218,1470,1505
1222,1474,1505
1222,1474,1605
1217,1472,1605
1218,1474,1605
1218,1474,1505
1289,1552,1505
1289,1552,1605
1291,1556,1605
1291,1556,1505
1297,1561,1505
1297,1561,1605
1291,1560,1605
1293,1561,1605
1292,1562,1605
1292,1562,1505
1217,1468,1505
1217,1468,1605
1215,1469,1605
1217,1470,1605
1217,1470,1505
1413,1681,1505
1413,1681,1605
1417,1689,1605
1417,1689,1505
1223,1477,1505
1223,1477,1605
1222,1477,1605
1222,1477,1505
1292,1558,1505
1292,1558,1605
1291,1558,1605
1291,1558,1505
1214,1468,1505
1214,1468,1605
1212,1469,1605
1215,1472,1605
1213,1471,1605
1213,1471,1505
1414,1685,1505
1414,1685,1605
1416,1689,1605
1416,1689,1505
1218,1474,1505
1218,1474,1605
1218,1476,1605
1214,1474,1605
1214,1474,1505
1392,1664,1505
1392,1664,1605
1388,1663,1605
1388,1663,1505
1313,1584,1505
1313,1584,1605
1310,1583,1605
1310,1583,1505
1290,1559,1505
1290,1559,1605
1290,1561,1605
1289,1559,1605
1289,1559,1505
1210,1467,1505
1210,1467,1605
1208,1468,1605
1211,1469,1605
1211,1469,1505
1291,1561,1505
1291,1561,1605
1286,1560,1605
1286,1563,1605
1284,1562,1605
1286,1560,1605
1285,1561,1605
1285,1561,1505
1289,1560,1505
1289,1560,1605
1287,1560,1605
1287,1560,1505
1396,1671,1505
1396,1671,1605
1389,1669,1605
1389,1669,1505
1208,1467,1505
1208,1467,1605
1207,1468,1605
1203,1466,1605
1202,1467,1605
1200,1465,1605
1205,1469,1605
1205,1469,1505
1417,1692,1505
1417,1692,1605
1418,1695,1605
1418,1695,1505
1305,1579,1505
1305,1579,1605
1296,1576,1605
1296,1576,1505
1420,1696,1505
1420,1696,1605
1423,1702,1605
1423,1702,1505
1390,1668,1505
1390,1668,1605
1386,1667,1605
1386,1667,1505
1285,1560,1505
1285,1560,1605
1283,1561,1605
1285,1563,1605
1285,1563,1505
1422,1700,1505
1422,1700,1605
1421,1702,1605
1421,1702,1505
1206,1469,1505
1206,1469,1605
1206,1471,1605
1206,1471,1505
1353,1633,1505
1353,1633,1605
1350,1632,1605
1350,1632,1505
1204,1469,1505
1204,1469,1605
1202,1469,1605
1202,1469,1505
1200,1465,1505
1200,1465,1605
1201,1468,1605
1201,1468,1505
1296,1576,1505
1296,1576,1605
1269,1565,1605
1256,1559,1605
1254,1560,1605
1259,1562,1605
1263,1563,1605
1263,1563,1505
1206,1473,1505
1206,1473,1605
1205,1473,1605
1205,1473,1505
1227,1498,1505
1227,1498,1605
1225,1498,1605
1226,1500,1605
1226,1500,1505
1199,1465,1505
1199,1465,1605
1197,1465,1605
1199,1466,1605
1199,1466,1505
1389,1672,1505
1389,1672,1605
1391,1682,1605
1391,1682,1505
1206,1474,1505
1206,1474,1605
1203,1473,1605
1203,1473,1505
1230,1504,1505
1230,1504,1605
1226,1501,1605
1226,1501,1505
1346,1630,1505
1346,1630,1605
1344,1628,1605
1345,1630,1605
1342,1629,1605
1342,1629,1505
1284,1564,1505
1284,1564,1605
1285,1568,1605
1285,1568,1505
1200,1467,1505
1200,1467,1605
1197,1465,1605
1197,1465,1605
1197,1465,1505
1390,1675,1505
1390,1675,1605
1390,1677,1605
1392,1680,1605
1390,1678,1605
1390,1678,1505
1426,1709,1505
1426,1709,1605
1427,1712,1605
1426,1710,1605
1426,1710,1505
1202,1471,1505
1202,1471,1605
1202,1472,1605
1196,1470,1605
1196,1471,1605
1198,1472,1605
1198,1472,1505
1196,1465,1505
1196,1465,1605
1195,1467,1605
1194,1464,1605
1194,1464,1505
1428,1712,1505
1428,1712,1605
1428,1714,1605
1426,1713,1605
1424,1710,1605
1424,1710,1505
1429,1714,1505
1429,1714,1605
1428,1716,1605
1428,1716,1505
1290,1573,1505
1290,1573,1605
1288,1573,1605
1287,1571,1605
1287,1571,1505
1378,1665,1505
1378,1665,1605
1375,1664,1605
1375,1664,1505
1202,1474,1505
1202,1474,1605
1197,1476,1605
1197,1476,1505
1283,1567,1505
1283,1567,1605
1283,1570,1605
1286,1572,1605
1286,1572,1505
1285,1569,1505
1285,1569,1605
1283,1569,1605
1283,1569,1505
1339,1626,1505
1339,1626,1605
1335,1626,1605
1334,1624,1605
1334,1624,1505
1392,1680,1505
1392,1680,1605
1391,1680,1605
1392,1682,1605
1392,1682,1505
1375,1664,1505
1375,1664,1605
1371,1663,1605
1371,1663,1505
1430,1718,1505
1430,1718,1605
1432,1722,1605
1432,1722,1505
1392,1682,1505
1392,1682,1605
1390,1684,1605
1390,1684,1505
1425,1714,1505
1425,1714,1605
1424,1714,1605
1424,1714,1505
1194,1467,1505
1194,1467,1605
1189,1466,1605
1189,1466,1505
1285,1572,1505
1285,1572,1605
1281,1569,1605
1281,1569,1505
1285,1572,1505
1285,1572,1605
1283,1571,1605
1283,1571,1505
1190,1464,1505
1190,1464,1605
1189,1465,1605
1191,1465,1605
1191,1465,1505
1280,1569,1505
1280,1569,1605
1277,1568,1605
1279,1570,1605
1274,1566,1605
1273,1567,1605
1275,1567,1605
1275,1567,1505
1437,1727,1505
1437,1727,1605
1438,1729,1605
1437,1730,1605
1437,1730,1505
1195,1471,1505
1195,1471,1605
1192,1470,1605
1192,1470,1505
1369,1662,1505
1369,1662,1605
1360,1660,1605
1360,1660,1505
1392,1685,1505
1392,1685,1605
1389,1687,1605
1387,1686,1605
1390,1685,1605
1389,1684,1605
1389,1684,1505
1375,1669,1505
1375,1669,1605
1373,1669,1605
1373,1669,1505
1199,1477,1505
1199,1477,1605
1196,1476,1605
1198,1478,1605
1196,1478,1605
1196,1478,1505
1278,1568,1505
1278,1568,1605
1273,1566,1605
1273,1566,1505
1188,1466,1505
1188,1466,1605
1185,1466,1605
1187,1468,1605
1187,1468,1505
1276,1569,1505
1276,1569,1605
1265,1563,1605
1266,1564,1605
1260,1562,1605
1263,1564,1605
1263,1564,1505
1188,1467,1505
1188,1467,1605
1189,1469,1605
1185,1468,1605
1185,1468,1505
1191,1471,1505
1191,1471,1605
1191,1473,1605
1185,1469,1605
1185,1469,1505
1183,1463,1505
1183,1463,1605
1171,1461,1605
1171,1461,1505
1183,1463,1505
1183,1463,1605
1185,1466,1605
1185,1466,1505
1272,1566,1505
1272,1566,1605
1268,1564,1605
1268,1564,1505
1195,1479,1505
1195,1479,1605
1194,1481,1605
1194,1481,1505
1272,1567,1505
1272,1567,1605
1266,1565,1605
1266,1565,1505
1388,1686,1505
1388,1686,1605
1386,1687,1605
1386,1687,1505
1179,1462,1505
1179,1462,1605
1178,1462,1605
1178,1462,1505
1181,1464,1505
1181,1464,1605
1180,1464,1605
1180,1464,1505
1188,1474,1505
1188,1474,1605
1186,1472,1605
1186,1472,1505
1385,1686,1505
1385,1686,1605
1383,1686,1605
1382,1687,1605
1384,1688,1605
1384,1688,1505
1182,1467,1505
1182,1467,1605
1177,1465,1605
1176,1467,1605
1174,1464,1605
1174,1464,1505
1189,1476,1505
1189,1476,1605
1184,1474,1605
1184,1474,1505
1192,1479,1505
1192,1479,1605
1189,1480,1605
1186,1478,1605
1186,1478,1505
1177,1461,1505
1177,1461,1605
1175,1462,1605
1175,1461,1605
1175,1461,1505
1434,1735,1505
1434,1735,1605
1431,1736,1605
1430,1734,1605
1430,1734,1505
1181,1468,1505
1181,1468,1605
1179,1466,1605
1179,1466,1505
1177,1464,1505
1177,1464,1605
1177,1464,1605
1177,1464,1505
1259,1560,1505
1259,1560,1605
1256,1559,1605
1256,1559,1505
1188,1480,1505
1188,1480,1605
1186,1480,1605
1186,1480,1505
1260,1562,1505
1260,1562,1605
1247,1556,1605
1235,1553,1605
1229,1552,1605
1229,1551,1605
1231,1552,1605
1231,1553,1605
1231,1553,1505
1170,1460,1505
1170,1460,1605
1168,1461,1605
1153,1457,1605
1139,1454,1605
1139,1454,1505
1255,1559,1505
1255,1559,1605
1253,1558,1605
1253,1560,1605
1246,1556,1605
1246,1556,1505
1170,1462,1505
1170,1462,1605
1167,1462,1605
1165,1459,1605
1167,1461,1605
1165,1461,1605
1166,1461,1605
1166,1461,1505
1185,1480,1505
1185,1480,1605
1178,1478,1605
1178,1478,1505
1253,1558,1505
1253,1558,1605
1250,1558,1605
1235,1553,1605
1235,1553,1505
1177,1471,1505
1177,1471,1605
1176,1472,1605
1176,1472,1505
1252,1558,1505
1252,1558,1605
1253,1559,1605
1248,1558,1605
1248,1558,1505
1251,1557,1505
1251,1557,1605
1248,1557,1605
1248,1557,1505
1164,1459,1505
1164,1459,1605
1162,1458,1605
1162,1458,1505
1426,1738,1505
1426,1738,1605
1426,1739,1605
1426,1739,1505
1164,1460,1505
1164,1460,1605
1159,1460,1605
1157,1458,1605
1159,1459,1605
1159,1459,1505
1165,1460,1505
1165,1460,1605
1163,1461,1605
1163,1461,1505
1167,1464,1505
1167,1464,1605
1166,1465,1605
1161,1462,1605
1161,1462,1505
1246,1555,1505
1246,1555,1605
1243,1554,1605
1243,1554,1505
1171,1471,1505
1171,1471,1605
1170,1472,1605
1170,1472,1505
1246,1557,1505
1246,1557,1605
1242,1556,1605
1242,1556,1505
1243,1554,1505
1243,1554,1605
1242,1554,1605
1242,1554,1505
1425,1740,1505
1425,1740,1605
1422,1739,1605
1422,1739,1505
1325,1643,1505
1325,1643,1605
1328,1646,1605
1328,1646,1505
1240,1553,1505
1240,1553,1605
1238,1554,1605
1241,1555,1605
1241,1555,1505
1348,1666,1505
1348,1666,1605
1345,1664,1605
1345,1664,1505
1157,1458,1505
1157,1458,1605
1156,1459,1605
1156,1459,1505
1345,1665,1505
1345,1665,1605
1344,1666,1605
1343,1664,1605
1343,1664,1505
1158,1461,1505
1158,1461,1605
1159,1463,1605
1157,1461,1605
1157,1461,1505
1171,1477,1505
1171,1477,1605
1172,1478,1605
1172,1478,1505
1154,1456,1505
1154,1456,1605
1153,1456,1605
1153,1456,1505
1160,1464,1505
1160,1464,1605
1156,1463,1605
1156,1463,1505
1169,1475,1505
1169,1475,1605
1168,1475,1605
1168,1475,1605
1168,1475,1505
1194,1505,1505
1194,1505,1605
1191,1502,1605
1191,1503,1605
1191,1503,1505
1154,1458,1505
1154,1458,1605
1152,1456,1605
1152,1456,1505
1418,1739,1505
1418,1739,1605
1417,1740,1605
1417,1740,1505
1149,1455,1505
1149,1455,1605
1149,1457,1605
1147,1455,1605
1148,1455,1605
1148,1455,1505
1166,1476,1505
1166,1476,1605
1163,1475,1605
1164,1477,1605
1164,1477,1505
1152,1460,1505
1152,1460,1605
1149,1458,1605
1149,1458,1505
1150,1459,1505
1150,1459,1605
1146,1461,1605
1146,1461,1505
1151,1460,1505
1151,1460,1605
1150,1461,1605
1155,1465,1605
1155,1465,1505
1168,1481,1505
1168,1481,1605
1168,1483,1605
1168,1483,1505
1150,1460,1505
1150,1460,1605
1148,1458,1605
1148,1458,1505
1327,1654,1505
1327,1654,1605
1326,1656,1605
1326,1656,1505
1332,1659,1505
1332,1659,1605
1329,1658,1605
1329,1658,1505
1228,1551,1505
1228,1551,1605
1221,1550,1605
1221,1548,1605
1221,1548,1505
1229,1552,1505
1229,1552,1605
1226,1551,1605
1226,1551,1505
1230,1552,1505
1230,1552,1605
1223,1551,1605
1225,1550,1605
1225,1550,1505
1343,1671,1505
1343,1671,1605
1341,1672,1605
1341,1672,1505
1143,1454,1505
1143,1454,1605
1142,1454,1605
1142,1454,1505
1162,1477,1505
1162,1477,1605
1164,1481,1605
1164,1481,1505
1151,1466,1505
1151,1466,1605
1145,1461,1605
1145,1461,1505
1169,1488,1505
1169,1488,1605
1168,1488,1605
1170,1489,1605
1170,1489,1505
1322,1653,1505
1322,1653,1605
1321,1654,1605
1319,1652,1605
1319,1652,1505
1144,1459,1505
1144,1459,1605
1140,1458,1605
1140,1458,1505
1138,1453,1505
1138,1453,1605
1130,1451,1605
1130,1452,1605
1119,1447,1605
1112,1443,1605
1096,1437,1605
1075,1432,1605
1060,1428,1605
1057,1425,1605
1060,1428,1605
1059,1426,1605
1059,1426,1505
1169,1490,1505
1169,1490,1605
1167,1489,1605
1167,1489,1505
1138,1454,1505
1138,1454,1605
1137,1453,1605
1137,1453,1505
1221,1550,1505
1221,1550,1605
1215,1548,1605
1210,1544,1605
1214,1547,1605
1216,1547,1605
1216,1548,1605
1218,1549,1605
1218,1549,1505
1222,1551,1505
1222,1551,1605
1217,1548,1605
1217,1548,1505
1138,1455,1505
1138,1455,1605
1136,1455,1605
1136,1455,1505
1177,1501,1505
1177,1501,1605
1176,1501,1605
1173,1498,1605
1173,1498,1505
1135,1452,1505
1135,1452,1605
1134,1452,1605
1134,1452,1505
1145,1464,1505
1145,1464,1605
1143,1463,1605
1144,1464,1605
1144,1464,1505
1138,1457,1505
1138,1457,1605
1138,1458,1605
1131,1453,1605
1131,1453,1505
1143,1464,1505
1143,1464,1605
1138,1461,1605
1139,1460,1605
1139,1460,1505
1133,1452,1505
1133,1452,1605
1132,1452,1605
1132,1452,1505
1134,1453,1505
1134,1453,1605
1132,1454,1605
1132,1454,1505
1215,1547,1505
1215,1547,1605
1212,1545,1605
1212,1546,1605
1205,1540,1605
1205,1540,1505
1157,1481,1505
1157,1481,1605
1156,1481,1605
1156,1481,1505
1134,1455,1505
1134,1455,1605
1134,1457,1605
1134,1457,1505
1157,1482,1505
1157,1482,1605
1159,1486,1605
1159,1486,1505
1209,1543,1505
1209,1543,1605
1204,1541,1605
1200,1539,1605
1202,1540,1605
1199,1538,1605
1186,1530,1605
1188,1532,1605
1187,1531,1605
1185,1529,1605
1181,1527,1605
1183,1528,1605
1184,1530,1605
1185,1530,1605
1187,1531,1605
1185,1531,1605
1185,1531,1505
1129,1451,1505
1129,1451,1605
1128,1451,1605
1128,1451,1505
1211,1546,1505
1211,1546,1605
1205,1541,1605
1204,1542,1605
1209,1543,1605
1209,1543,1505
1130,1453,1505
1130,1453,1605
1128,1453,1605
1118,1447,1605
1123,1449,1605
1123,1449,1505
1204,1538,1505
1204,1538,1605
1195,1532,1605
1195,1532,1505
1137,1462,1505
1137,1462,1605
1137,1463,1605
1136,1462,1605
1136,1462,1505
1128,1452,1505
1128,1452,1605
1123,1449,1605
1123,1449,1505
1129,1454,1505
1129,1454,1605
1125,1453,1605
1125,1453,1505
1134,1460,1505
1134,1460,1605
1130,1456,1605
1130,1456,1505
1192,1527,1505
1192,1527,1605
1189,1526,1605
1191,1528,1605
1191,1528,1505
1132,1459,1505
1132,1459,1605
1131,1459,1605
1131,1459,1505
1189,1525,1505
1189,1525,1605
1184,1522,1605
1184,1522,1505
1200,1538,1505
1200,1538,1605
1196,1536,1605
1196,1536,1505
1340,1685,1505
1340,1685,1605
1339,1685,1605
1339,1685,1505
1124,1453,1505
1124,1453,1605
1122,1452,1605
1121,1451,1605
1118,1450,1605
1119,1450,1605
1119,1450,1505
1125,1454,1505
1125,1454,1605
1125,1456,1605
1125,1456,1505
1350,1696,1505
1350,1696,1605
1349,1698,1605
1349,1698,1505
1117,1445,1505
1117,1445,1605
1117,1445,1605
1117,1445,1505
1197,1537,1505
1197,1537,1605
1192,1534,1605
1192,1534,1505
1192,1533,1505
1192,1533,1605
1191,1533,1605
1193,1534,1605
1193,1534,1505
1179,1519,1505
1179,1519,1605
1182,1522,1605
1182,1522,1505
1178,1519,1505
1178,1519,1605
1172,1515,1605
1171,1514,1605
1171,1514,1505
1192,1534,1505
1192,1534,1605
1189,1532,1605
1191,1534,1605
1191,1534,1505
1116,1447,1505
1116,1447,1605
1114,1447,1605
1114,1447,1505
1112,1444,1505
1112,1444,1605
1109,1442,1605
1109,1442,1505
1166,1507,1505
1166,1507,1605
1173,1516,1605
1173,1516,1505
1156,1496,1505
1156,1496,1605
1158,1498,1605
1158,1498,1505
1161,1502,1505
1161,1502,1605
1159,1501,1605
1159,1501,1505
1113,1447,1505
1113,1447,1605
1112,1447,1605
1113,1447,1605
1113,1447,1505
1108,1442,1505
1108,1442,1605
1107,1442,1605
1107,1442,1505
1158,1500,1505
1158,1500,1605
1154,1497,1605
1154,1497,1505
1343,1695,1505
1343,1695,1605
1343,1696,1605
1343,1696,1505
1137,1477,1505
1137,1477,1605
1128,1470,1605
1129,1471,1605
1126,1469,1605
1124,1466,1605
1124,1466,1505
1106,1441,1505
1106,1441,1605
1102,1440,1605
1102,1440,1505
1110,1445,1505
1110,1445,1605
1108,1445,1605
1107,1443,1605
1108,1444,1605
1108,1444,1505
1182,1528,1505
1182,1528,1605
1178,1526,1605
1179,1528,1605
1182,1529,1605
1178,1526,1605
1172,1526,1605
1167,1524,1605
1165,1526,1605
1166,1524,1605
1166,1524,1505
1141,1483,1505
1141,1483,1605
1137,1480,1605
1137,1480,1505
1341,1695,1505
1341,1695,1605
1339,1696,1605
1337,1694,1605
1339,1695,1605
1339,1695,1505
1180,1528,1505
1180,1528,1605
1179,1527,1605
1179,1527,1505
1123,1463,1505
1123,1463,1605
1122,1465,1605
1120,1463,1605
1120,1463,1505
1126,1466,1505
1126,1466,1605
1126,1468,1605
1126,1468,1505
1153,1498,1505
1153,1498,1605
1145,1492,1605
1145,1492,1505
1148,1492,1505
1148,1492,1605
1147,1492,1605
1149,1493,1605
1149,1493,1505
1160,1506,1505
1160,1506,1605
1155,1505,1605
1155,1505,1505
1179,1528,1505
1179,1528,1605
1177,1527,1605
1176,1525,1605
1175,1526,1605
1175,1526,1505
1107,1446,1505
1107,1446,1605
1102,1442,1605
1102,1442,1505
1338,1693,1505
1338,1693,1605
1334,1692,1605
1334,1692,1505
1146,1492,1505
1146,1492,1605
1144,1491,1605
1144,1491,1505
1151,1497,1505
1151,1497,1605
1149,1496,1605
1149,1496,1505
1102,1441,1505
1102,1441,1605
1103,1442,1605
1103,1442,1505
1119,1461,1505
1119,1461,1605
1117,1459,1605
1116,1460,1605
1115,1458,1605
1115,1458,1505
1176,1525,1505
1176,1525,1605
1174,1525,1605
1174,1525,1505
1100,1438,1505
1100,1438,1605
1097,1438,1605
1097,1438,1505
1177,1527,1505
1177,1527,1605
1174,1526,1605
1174,1526,1505
1115,1458,1505
1115,1458,1605
1110,1454,1605
1106,1452,1605
1106,1452,1505
1141,1488,1505
1141,1488,1605
1140,1487,1605
1142,1490,1605
1142,1490,1505
1173,1524,1505
1173,1524,1605
1172,1525,1605
1172,1525,1505
1111,1454,1505
1111,1454,1605
1108,1455,1605
1108,1455,1505
1137,1484,1505
1137,1484,1605
1135,1484,1605
1127,1475,1605
1127,1475,1505
1164,1515,1505
1164,1515,1605
1160,1512,1605
1160,1512,1505
1096,1437,1505
1096,1437,1605
1095,1437,1605
1095,1437,1505
1097,1439,1505
1097,1439,1605
1091,1437,1605
1091,1436,1605
1092,1438,1605
1092,1438,1505
1112,1457,1505
1112,1457,1605
1112,1459,1605
1107,1456,1605
1107,1456,1505
1154,1504,1505
1154,1504,1605
1151,1504,1605
1151,1504,1505
1108,1452,1505
1108,1452,1605
1089,1440,1605
1089,1440,1505
1139,1488,1505
1139,1488,1605
1137,1487,1605
1137,1487,1505
1127,1474,1505
1127,1474,1605
1123,1470,1605
1123,1470,1505
1144,1494,1505
1144,1494,1605
1138,1491,1605
1141,1493,1605
1141,1493,1505
1119,1466,1505
1119,1466,1605
1115,1463,1605
1115,1463,1505
1170,1524,1505
1170,1524,1605
1169,1525,1605
1169,1525,1505
1115,1462,1505
1115,1462,1605
1113,1462,1605
1116,1464,1605
1116,1464,1505
1135,1486,1505
1135,1486,1605
1127,1482,1605
1127,1482,1505
1111,1458,1505
1111,1458,1605
1112,1460,1605
1109,1458,1605
1109,1458,1505
1149,1502,1505
1149,1502,1605
1146,1502,1605
1146,1502,1505
1147,1501,1505
1147,1501,1605
1143,1499,1605
1143,1499,1505
1153,1507,1505
1153,1507,1605
1152,1508,1605
1152,1508,1505
1142,1495,1505
1142,1495,1605
1138,1494,1605
1138,1494,1505
1137,1489,1505
1137,1489,1605
1138,1491,1605
1138,1491,1505
1335,1697,1505
1335,1697,1605
1335,1699,1605
1334,1697,1605
1334,1697,1505
1101,1448,1505
1101,1448,1605
1097,1447,1605
1097,1447,1505
1090,1435,1505
1090,1435,1605
1088,1435,1605
1088,1435,1505
1115,1465,1505
1115,1465,1605
1113,1464,1605
1114,1465,1605
1114,1465,1505
1092,1438,1505
1092,1438,1605
1088,1437,1605
1088,1436,1605
1088,1436,1505
1135,1488,1505
1135,1488,1605
1130,1486,1605
1130,1486,1505
1113,1464,1505
1113,1464,1605
1111,1463,1605
1106,1460,1605
1106,1460,1505
1149,1505,1505
1149,1505,1605
1147,1503,1605
1148,1505,1605
1148,1505,1505
1096,1445,1505
1096,1445,1605
1096,1445,1605
1094,1444,1605
1094,1444,1505
1087,1435,1505
1087,1435,1605
1086,1434,1605
1086,1434,1505
1107,1458,1505
1107,1458,1605
1103,1456,1605
1103,1456,1505
1149,1506,1505
1149,1506,1605
1146,1505,1605
1146,1505,1505
1333,1697,1505
1333,1697,1605
1330,1697,1605
1331,1696,1605
1331,1696,1505
1110,1462,1505
1110,1462,1605
1111,1464,1605
1111,1464,1505
1167,1526,1505
1167,1526,1605
1166,1527,1605
1166,1527,1505
1148,1506,1505
1148,1506,1605
1147,1506,1605
1150,1509,1605
1149,1510,1605
1149,1510,1505
1117,1471,1505
1117,1471,1605
1112,1468,1605
1110,1465,1605
1110,1465,1505
1087,1436,1505
1087,1436,1605
1083,1436,1605
1083,1436,1505
1103,1455,1505
1103,1455,1605
1099,1453,1605
1099,1453,1505
1123,1478,1505
1123,1478,1605
1121,1478,1605
1123,1480,1605
1123,1480,1505
1085,1434,1505
1085,1434,1605
1084,1434,1605
1084,1434,1505
1089,1440,1505
1089,1440,1605
1085,1437,1605
1085,1437,1505
1147,1507,1505
1147,1507,1605
1144,1507,1605
1144,1507,1505
1150,1510,1505
1150,1510,1605
1149,1511,1605
1146,1509,1605
1146,1509,1505
1166,1527,1505
1166,1527,1605
1164,1527,1605
1164,1527,1505
1151,1512,1505
1151,1512,1605
1151,1512,1605
1145,1508,1605
1145,1508,1505
1164,1525,1505
1164,1525,1605
1162,1527,1605
1160,1525,1605
1160,1525,1505
1109,1464,1505
1109,1464,1605
1103,1461,1605
1103,1461,1505
1114,1470,1505
1114,1470,1605
1109,1468,1605
1109,1468,1505
1083,1433,1505
1083,1433,1605
1081,1434,1605
1084,1436,1605
1084,1436,1505
1081,1433,1505
1081,1433,1605
1080,1434,1605
1080,1433,1605
1080,1433,1505
1165,1528,1505
1165,1528,1605
1163,1528,1605
1163,1528,1505
1136,1497,1505
1136,1497,1605
1135,1496,1605
1135,1496,1505
1086,1440,1505
1086,1440,1605
1082,1438,1605
1082,1438,1505
1094,1450,1505
1094,1450,1605
1084,1444,1605
1084,1444,1505
1079,1432,1505
1079,1432,1605
1078,1432,1605
1078,1432,1505
1080,1434,1505
1080,1434,1605
1078,1434,1605
1077,1433,1605
1074,1432,1605
1076,1432,1605
1076,1432,1505
1081,1436,1505
1081,1436,1605
1082,1438,1605
1078,1437,1605
1078,1437,1505
1129,1491,1505
1129,1491,1605
1127,1490,1605
1124,1487,1605
1124,1487,1505
1144,1509,1505
1144,1509,1605
1141,1507,1605
1141,1507,1505
1089,1448,1505
1089,1448,1605
1085,1444,1605
1085,1444,1505
1076,1433,1505
1076,1433,1605
1073,1432,1605
1074,1431,1605
1074,1431,1505
1160,1528,1505
1160,1528,1605
1160,1530,1605
1160,1530,1505
1073,1431,1505
1073,1431,1605
1072,1430,1605
1072,1430,1505
1097,1459,1505
1097,1459,1605
1096,1461,1605
1096,1461,1505
1081,1442,1505
1081,1442,1605
1073,1438,1605
1072,1439,1605
1072,1439,1505
1071,1430,1505
1071,1430,1605
1069,1431,1605
1069,1431,1505
1106,1471,1505
1106,1471,1605
1104,1471,1605
1103,1470,1605
1103,1470,1505
1071,1431,1505
1071,1431,1605
1070,1433,1605
1070,1433,1505
1093,1457,1505
1093,1457,1605
1088,1454,1605
1088,1454,1505
1161,1532,1505
1161,1532,1605
1160,1533,1605
1160,1531,1605
1160,1531,1505
1069,1430,1505
1069,1430,1605
1067,1429,1605
1067,1429,1505
1077,1439,1505
1077,1439,1605
1074,1438,1605
1074,1438,1505
1084,1447,1505
1084,1447,1605
1077,1443,1605
1077,1443,1505
1162,1534,1505
1162,1534,1605
1160,1534,1605
1160,1533,1605
1160,1533,1505
1095,1461,1505
1095,1461,1605
1087,1456,1605
1087,1456,1505
1065,1429,1505
1065,1429,1605
1064,1428,1605
1064,1428,1505
1159,1533,1505
1159,1533,1605
1160,1536,1605
1159,1536,1605
1159,1536,1505
1063,1428,1505
1063,1428,1605
1062,1428,1605
1062,1428,1505
1071,1437,1505
1071,1437,1605
1066,1434,1605
1067,1436,1605
1067,1436,1505
1160,1537,1505
1160,1537,1605
1160,1539,1605
1160,1539,1505
